"Zotu101_P1_C03_29TRE808_S504_N702" "Zotu106_P1_E02_21MMC3_S517_N701" "Zotu111_P1_E02_21MMC3_S517_N701" "Zotu117_P2_E04_21MMC3b_S502_N709" "Zotu120_P1_H04_19MMC1_S503_N703" "Zotu135_P1_C03_29TRE808_S504_N702" "Zotu142_P1_D05_13SHC4C1_S505_N703" "Zotu149_P1_C03_29TRE808_S504_N702" "Zotu151_P1_E02_21MMC3_S517_N701" "Zotu153_P1_D05_13SHC4C1_S505_N703" "Zotu155_P1_E02_21MMC3_S517_N701" "Zotu15_P2_D03_12MMOC3R_S504_N708" "Zotu160_P1_E02_21MMC3_S517_N701" "Zotu161_P1_D05_13SHC4C1_S505_N703" "Zotu169_P2_B05_16IZPOC1a_S507_N709" "Zotu175_P1_D05_13SHC4C1_S505_N703" "Zotu176_P1_D05_13SHC4C1_S505_N703" "Zotu182_P2_A01_16IZPOC1_S502_N707" "Zotu183_P1_E02_21MMC3_S517_N701" "Zotu197_P2_A01_16IZPOC1_S502_N707" "Zotu200_P2_A01_16IZPOC1_S502_N707" "Zotu212_P1_D05_13SHC4C1_S505_N703" "Zotu238_P2_A01_16IZPOC1_S502_N707" "Zotu241_P1_D05_13SHC4C1_S505_N703" "Zotu244_P2_A01_16IZPOC1_S502_N707" "Zotu251_P2_A01_16IZPOC1_S502_N707" "Zotu28_P1_C11_7IZPOC1W_S506_N706" "Zotu2_P1_E03_55TRE137_S505_N702" "Zotu32_P1_E02_21MMC3_S517_N701" "Zotu40_P1_E02_21MMC3_S517_N701" "Zotu45_P1_A01_32TCONS2_S502_N701" "Zotu45_P1_E03_55TRE137_S505_N702" "Zotu4_P1_E03_55TRE137_S505_N702" "Zotu59_P1_D05_13SHC4C1_S505_N703" "Zotu61_P1_G01_8IZTPOCR_S505_N701" "Zotu66_P1_C11_7IZPOC1W_S506_N706" "Zotu78_P1_D05_13SHC4C1_S505_N703" "Zotu7_P1_A01_32TCONS2_S502_N701" "Zotu7_P1_C11_7IZPOC1W_S506_N706" "Zotu7_P1_E03_55TRE137_S505_N702" "Zotu85_P1_D05_13SHC4C1_S505_N703" "Zotu91_P1_D05_13SHC4C1_S505_N703" "Zotu94_P2_F04_29TRE808a_S503_N709"
"G_A_Pab_13SHC4C1" 0 0 0 0 0 0 1 0 0 1 0 0 0 1 0 1 1 0 0 0 0 1 0 1 0 0 0 0 0 0 1 0 0 1 0 0 1 0 0 0 1 1 0
"G_A_Pab_19MMC1" 0 0 0 0 1 0 1 0 0 0 0 0 0 0 0 0 0 0 0 0 0 0 0 0 0 0 0 0 0 0 0 0 0 0 0 0 0 0 0 0 0 0 0
"G_A_Pab_32TCONS2" 0 0 0 0 0 0 0 0 0 0 0 0 0 0 0 0 0 0 0 0 0 0 0 0 0 0 0 0 0 0 1 0 0 0 0 0 0 1 0 0 0 0 0
"G_B_Sa_16IZPOC1a" 0 0 0 0 1 0 0 0 0 0 0 0 0 0 1 0 1 1 0 1 1 0 1 1 1 1 1 0 0 0 0 0 0 0 1 1 0 0 1 0 0 0 0
"G_B_Sa_21MMC3a" 0 0 0 0 0 0 0 0 0 0 0 0 0 0 0 0 1 0 0 0 0 0 0 0 0 0 0 0 1 0 0 0 0 0 0 0 0 0 0 0 0 0 0
"G_B_Sa_29TRE808a" 1 0 0 0 0 1 0 1 0 0 0 0 0 0 0 0 0 0 0 0 0 0 0 0 0 0 0 0 0 0 0 0 0 0 0 0 0 0 0 0 0 0 1
"G_B_Sa_41TDIST2a" 0 0 0 0 0 0 0 0 0 0 0 0 0 0 0 0 0 0 0 0 0 0 0 0 0 0 0 1 0 0 0 0 0 0 0 0 0 0 0 0 0 0 0
"G_B_Sa_55TRE137a" 0 0 0 0 0 0 0 0 0 0 0 0 0 0 0 0 0 0 0 0 0 0 0 0 0 0 0 1 0 0 0 0 1 0 0 0 0 0 0 1 0 0 0
"G_C_Sb_21MMC3b" 0 1 1 1 0 0 1 0 1 0 1 0 1 0 0 0 1 0 1 0 0 0 0 0 0 0 0 0 1 1 1 0 0 0 0 0 0 0 0 0 0 0 0
"G_C_Sb_41TDIST2b" 0 0 0 0 0 0 0 0 0 0 0 0 0 0 0 0 0 0 0 0 0 0 0 0 0 0 0 0 0 0 0 0 1 0 0 0 0 0 0 1 0 0 0
"G_C_Sb_55TRE137b" 0 0 0 0 0 0 0 0 0 0 0 0 0 0 0 0 0 0 0 0 0 0 0 0 0 0 0 0 0 0 0 1 1 0 0 0 0 0 0 1 0 0 0
"G_D_Pab_13SHC4a" 0 0 0 0 0 0 1 0 0 1 0 0 0 1 0 1 1 0 0 0 0 1 0 0 0 0 0 0 0 0 1 0 0 1 0 0 1 0 0 0 1 1 0
"G_E_Pab_16IZPOC1" 0 0 0 0 0 0 0 0 0 0 0 0 0 0 1 0 1 1 0 1 1 0 1 1 1 1 1 0 0 0 0 0 1 0 1 1 0 0 1 0 0 0 0
"G_E_Pab_21MMC3" 0 1 1 1 0 0 1 0 1 0 1 0 1 0 0 0 1 0 1 0 0 0 0 0 0 0 0 0 1 1 1 0 0 0 0 0 0 0 0 0 0 0 0
"G_E_Pab_29TRE808" 1 0 0 0 0 1 0 1 0 0 0 1 0 0 0 0 0 0 0 0 0 0 0 0 0 0 0 0 0 0 0 0 0 0 0 0 0 0 0 0 0 0 1
"G_E_Pab_41TDIST2" 0 0 0 0 0 0 0 0 0 0 0 0 0 0 0 0 0 0 0 0 0 0 0 0 0 0 0 0 0 0 0 0 1 0 0 0 0 0 0 1 0 0 0
"G_E_Pab_55TRE137" 0 0 0 0 0 0 0 0 0 0 0 0 0 0 0 0 0 0 0 0 0 0 0 0 0 0 0 1 0 0 0 1 1 0 0 0 0 0 0 1 0 0 0
