#OTU ID	P1_A01_32TCONS2_S502_N701	P1_A04_10MMOC3J_S507_N702	P1_B07_1SHC5C2P_S504_N704	P1_B09_9MMC3P_S505_N705	P1_C03_29TRE808_S504_N702	P1_C07_6IZPOC1J_S505_N704	P1_C11_7IZPOC1W_S506_N706	P1_D02_3SHCO5C2_S508_N701	P1_D05_13SHC4C1_S505_N703	P1_D10_4SHC5C2R_S502_N706	P1_E02_21MMC3_S517_N701	P1_E03_55TRE137_S505_N702	P1_F07_5IZPOC1P_S507_N704	P1_F08_41TDIST2_S503_N705	P1_G01_8IZTPOCR_S505_N701	P1_H04_19MMC1_S503_N703	P2_A01_16IZPOC1_S502_N707	P2_A03_11MMOC3W_S502_N708	P2_A05_55TRE137b_S506_N709	P2_B05_16IZPOC1a_S507_N709	P2_C05_16IZPOC1b_S508_N709	P2_D03_12MMOC3R_S504_N708	P2_D04_21MMC3a_S517_N708	P2_D05_41TDIST2a_S517_N709	P2_E04_21MMC3b_S502_N709	P2_E05_41TDIST2b_S502_N710	P2_F04_29TRE808a_S503_N709	P2_F05_32TCN2b_S503_N710	P2_G03_2SHCN5C2J_S506_N708	P2_G04_29TRE808b_S504_N709	P2_G05_13SHC4a_S504_N710	P2_H04_55TRE137a_S505_N709	P2_H05_19MMC1a_S505_N710
Zotu100_P1_C03_29TRE808_S504_N702	0	0	0	0	12	0	0	0	0	0	0	0	5	0	0	0	0	0	0	0	0	0	0	0	0	0	17	0	7	0	0	0	0
Zotu100_P1_E02_21MMC3_S517_N701	0	0	0	0	0	0	0	0	0	0	27	0	0	0	0	0	0	0	0	0	0	0	22	0	0	0	0	0	0	0	0	0	0
Zotu100_P2_A01_16IZPOC1_S502_N707	0	0	0	0	0	0	0	0	0	0	0	0	0	0	0	0	19	0	0	23	0	0	0	0	0	0	0	0	0	0	0	0	0
Zotu100_P2_D03_12MMOC3R_S504_N708	0	0	0	0	0	0	0	0	0	0	0	0	0	0	0	0	0	0	0	0	0	50	0	0	0	0	0	0	0	0	0	0	0
Zotu101_P1_A01_32TCONS2_S502_N701	27	0	0	45	0	0	0	0	0	0	284	0	0	450	0	724	0	0	0	0	0	0	404	299	4	0	0	0	0	0	0	0	90
Zotu101_P1_B09_9MMC3P_S505_N705	0	0	0	5	0	0	0	0	0	0	0	0	0	0	0	0	0	0	0	0	0	0	0	0	0	0	0	0	0	0	0	0	0
Zotu101_P1_E02_21MMC3_S517_N701	0	0	0	0	0	0	0	0	0	0	26	0	0	0	0	0	0	0	0	0	0	0	0	0	28	0	0	0	0	0	0	0	0
Zotu102_P1_B09_9MMC3P_S505_N705	0	0	0	5	0	0	0	0	0	0	0	0	0	0	0	0	0	0	0	0	0	30	0	0	0	0	0	0	0	0	0	0	0
Zotu102_P1_F08_41TDIST2_S503_N705	0	0	0	0	0	0	0	0	0	1	0	0	1	26	0	4	0	0	0	0	0	0	0	0	0	48	0	0	6	0	0	0	0
Zotu102_P1_H04_19MMC1_S503_N703	1	0	0	0	0	1	0	0	0	0	0	0	0	0	0	10	0	0	0	0	0	1	0	0	0	0	0	0	0	0	0	0	0
Zotu103_P1_A01_32TCONS2_S502_N701	24	1	0	1	0	0	0	0	0	0	0	0	0	0	0	0	0	0	0	0	0	0	0	0	0	0	0	0	4	0	0	0	0
Zotu103_P1_D05_13SHC4C1_S505_N703	0	0	0	0	0	0	0	0	46	0	0	0	0	0	0	0	0	0	0	0	0	0	0	0	0	0	0	0	2	0	0	0	0
Zotu103_P2_D03_12MMOC3R_S504_N708	0	0	0	1	0	0	0	0	0	0	0	0	0	0	0	0	0	0	0	0	0	43	0	0	0	0	0	0	0	0	0	0	0
Zotu104_P1_F08_41TDIST2_S503_N705	0	0	0	0	0	0	0	0	0	0	0	0	0	26	0	0	0	0	0	0	0	0	0	0	0	35	0	0	0	0	0	0	0
Zotu105_P2_D03_12MMOC3R_S504_N708	0	0	0	0	0	0	0	0	0	0	0	0	0	0	0	0	0	0	0	0	0	39	0	0	0	0	0	0	0	0	0	0	0
Zotu107_P1_A01_32TCONS2_S502_N701	22	0	66	0	10	0	0	0	0	0	0	0	13	81	0	0	0	0	0	0	0	1	0	0	0	77	19	0	1	0	0	0	0
Zotu108_P1_D05_13SHC4C1_S505_N703	0	0	0	0	0	0	0	0	42	0	0	0	0	0	0	0	0	0	0	0	0	0	0	0	0	0	0	0	0	0	0	0	0
Zotu108_P1_E02_21MMC3_S517_N701	0	0	0	1	0	0	0	0	0	0	22	0	0	0	0	0	0	0	0	0	0	0	46	0	0	0	0	0	0	0	0	0	0
Zotu108_P2_D03_12MMOC3R_S504_N708	0	0	0	0	0	0	0	0	0	0	0	0	0	0	0	0	0	0	0	0	0	36	0	0	0	0	0	0	0	0	0	0	0
Zotu10_P1_A01_32TCONS2_S502_N701	1381	0	0	0	0	0	0	0	0	0	0	0	0	0	0	13	0	0	0	0	0	0	0	0	0	0	0	0	0	0	0	0	0
Zotu10_P1_B09_9MMC3P_S505_N705	0	0	0	388	0	0	0	0	0	0	117	0	0	0	0	0	0	0	0	0	0	37	173	0	24	0	0	0	0	0	0	0	0
Zotu10_P1_D10_4SHC5C2R_S502_N706	0	0	0	0	0	0	0	0	0	818	0	0	0	0	0	0	0	0	0	0	0	0	0	0	0	0	0	0	0	0	0	0	0
Zotu10_P1_F08_41TDIST2_S503_N705	0	1	0	0	1	0	0	1	0	0	0	0	0	695	0	6	0	0	0	1	0	0	2	481	0	0	0	0	14	0	0	0	0
Zotu10_P2_C05_16IZPOC1b_S508_N709	0	0	0	0	0	0	0	0	0	0	0	0	0	0	0	0	625	0	0	20	476	0	0	0	0	0	0	0	0	0	0	0	0
Zotu110_P1_F08_41TDIST2_S503_N705	0	0	0	0	0	0	0	0	0	0	0	0	0	22	0	0	0	0	0	0	0	0	0	0	0	21	0	0	0	0	0	0	0
Zotu111_P1_D05_13SHC4C1_S505_N703	0	0	0	0	0	0	0	0	39	0	0	0	0	17	0	0	0	0	0	0	0	0	0	0	0	33	0	0	0	0	8	0	0
Zotu112_P1_A01_32TCONS2_S502_N701	20	0	0	0	0	0	0	0	0	0	0	0	0	0	0	16	0	0	0	0	0	0	0	0	0	0	0	0	0	0	0	0	0
Zotu112_P1_D05_13SHC4C1_S505_N703	0	0	0	0	0	0	0	0	38	0	0	0	0	0	0	0	0	0	0	0	0	0	0	0	0	0	0	0	0	0	0	0	0
Zotu112_P1_E02_21MMC3_S517_N701	0	0	0	20	0	0	0	0	0	0	20	0	0	0	0	0	0	0	0	0	0	0	0	0	25	0	0	0	0	0	0	0	0
Zotu113_P1_E02_21MMC3_S517_N701	0	0	0	1	0	0	0	0	0	0	20	0	0	0	0	0	0	0	0	0	0	0	0	0	20	0	0	0	0	0	0	0	0
Zotu113_P1_F08_41TDIST2_S503_N705	0	0	0	0	0	0	0	0	1	0	0	0	0	20	0	0	0	0	0	0	0	0	0	0	0	16	0	0	0	0	1	0	0
Zotu114_P1_A01_32TCONS2_S502_N701	17	0	0	0	0	0	0	0	0	0	0	0	0	0	0	0	0	0	0	0	0	0	0	0	0	0	0	0	0	0	0	0	0
Zotu114_P1_D05_13SHC4C1_S505_N703	0	0	0	0	0	0	0	0	38	0	0	0	0	0	0	0	0	0	0	0	0	0	0	0	0	0	0	0	0	0	0	0	0
Zotu115_P1_C03_29TRE808_S504_N702	0	0	0	0	9	0	0	0	8	0	3	0	0	0	0	0	0	0	0	0	0	0	0	0	4	0	21	0	1	0	3	0	0
Zotu116_P1_F08_41TDIST2_S503_N705	0	0	0	0	0	0	0	0	0	0	0	0	0	20	0	0	0	0	0	0	0	0	0	0	0	17	0	0	0	0	0	0	0
Zotu116_P2_G05_13SHC4a_S504_N710	0	0	0	0	0	0	0	0	13	0	0	0	0	0	0	0	0	0	1	0	0	0	0	0	0	0	0	0	0	0	7	0	0
Zotu117_P1_H04_19MMC1_S503_N703	0	0	0	0	0	0	0	0	0	0	0	0	0	0	0	6	0	0	0	0	0	0	0	0	0	0	0	0	0	0	0	0	0
Zotu117_P2_D03_12MMOC3R_S504_N708	0	0	0	0	0	0	0	0	0	0	0	0	0	0	0	0	0	0	0	0	0	27	0	0	0	0	0	0	0	0	0	0	0
Zotu119_P2_D03_12MMOC3R_S504_N708	0	0	0	3	0	0	0	0	0	0	0	0	0	0	0	0	0	0	0	0	0	26	0	0	0	0	0	0	0	0	0	0	0
Zotu11_P1_B09_9MMC3P_S505_N705	0	1	0	293	0	0	0	0	0	0	1	0	0	0	0	0	0	0	0	0	0	14	0	0	2	0	0	0	0	0	0	0	0
Zotu11_P1_E03_55TRE137_S505_N702	0	0	0	0	0	0	0	0	1	0	0	763	0	0	0	0	0	0	0	0	0	0	0	0	1	0	0	0	0	0	0	841	0
Zotu11_P1_F08_41TDIST2_S503_N705	0	0	0	0	0	0	0	0	0	0	0	0	0	638	0	0	0	0	0	0	0	0	0	52	0	620	0	0	0	0	0	0	0
Zotu11_P1_G01_8IZTPOCR_S505_N701	0	0	0	0	0	0	0	0	0	0	0	0	3	0	296	0	9	0	0	10	0	0	0	0	0	0	0	0	0	0	0	0	0
Zotu11_P2_A01_16IZPOC1_S502_N707	0	0	0	0	0	0	0	0	0	0	0	0	0	0	0	0	465	0	0	0	283	0	0	0	0	0	0	0	0	0	0	0	0
Zotu120_P1_F08_41TDIST2_S503_N705	0	0	0	0	0	0	0	0	0	0	0	0	0	19	0	0	0	0	0	0	0	0	0	0	0	24	0	0	0	0	0	0	0
Zotu120_P2_D03_12MMOC3R_S504_N708	0	0	0	0	0	0	0	0	0	0	0	0	0	0	0	0	0	0	0	0	0	23	0	0	0	0	0	0	0	0	0	0	0
Zotu120_P2_E04_21MMC3b_S502_N709	0	0	0	0	0	0	0	0	0	0	10	0	0	0	0	0	0	0	0	0	0	0	0	0	17	0	0	0	0	0	0	0	0
Zotu121_P1_D05_13SHC4C1_S505_N703	0	0	0	0	0	0	0	0	35	0	0	0	0	0	0	0	0	0	0	0	0	0	0	0	0	0	0	0	2	0	9	0	0
Zotu122_P1_D05_13SHC4C1_S505_N703	1	0	0	0	0	0	0	0	35	0	0	0	0	0	0	0	0	0	0	0	0	0	0	0	0	0	0	0	0	0	0	0	0
Zotu122_P1_E02_21MMC3_S517_N701	0	0	0	0	0	0	0	0	0	0	16	0	0	1	0	213	0	0	0	0	0	0	7	0	19	0	0	0	0	0	0	0	38
Zotu122_P1_H04_19MMC1_S503_N703	0	0	0	0	0	0	0	0	0	0	0	0	0	0	0	6	0	0	0	0	0	0	0	0	0	0	0	0	0	0	0	0	0
Zotu123_P1_H04_19MMC1_S503_N703	0	0	0	0	0	0	0	0	0	0	0	0	0	0	0	6	0	0	0	0	0	0	0	0	0	0	0	0	0	0	0	0	0
Zotu123_P2_D03_12MMOC3R_S504_N708	0	0	0	0	0	0	0	0	0	0	0	0	0	0	0	0	0	0	0	0	0	22	0	0	0	0	0	0	0	0	0	0	0
Zotu124_P2_A01_16IZPOC1_S502_N707	0	0	0	0	0	0	0	0	0	0	0	0	1	0	0	0	15	0	0	8	0	0	0	0	0	0	0	0	0	0	0	0	0
Zotu125_P1_A01_32TCONS2_S502_N701	12	0	0	0	0	0	0	0	0	0	0	0	0	0	0	0	0	0	0	0	0	0	0	0	0	0	0	0	0	0	0	0	0
Zotu126_P1_D05_13SHC4C1_S505_N703	0	0	0	0	0	0	0	0	32	0	4	0	0	0	0	0	0	0	0	0	0	0	0	0	4	0	0	0	0	0	12	0	0
Zotu126_P1_E02_21MMC3_S517_N701	0	0	0	0	0	0	0	0	0	0	14	0	0	0	0	0	0	0	0	0	0	0	2	0	15	0	0	0	0	0	0	0	0
Zotu126_P2_D03_12MMOC3R_S504_N708	0	0	0	0	0	0	0	0	0	0	0	0	0	0	0	0	0	0	0	0	0	21	0	0	0	0	0	0	0	0	0	0	0
Zotu127_P2_A01_16IZPOC1_S502_N707	0	0	0	0	0	0	0	0	0	0	0	0	0	0	0	0	14	0	0	15	0	0	0	0	0	0	0	0	0	0	0	0	0
Zotu128_P2_D03_12MMOC3R_S504_N708	0	0	0	0	0	0	0	0	0	0	0	0	0	0	0	0	0	0	0	0	0	20	0	0	0	0	0	0	0	0	0	0	0
Zotu12_P1_B09_9MMC3P_S505_N705	0	0	0	285	0	0	0	0	0	0	0	0	0	0	0	0	0	0	0	0	0	0	0	0	0	0	0	0	0	0	0	0	0
Zotu12_P1_C07_6IZPOC1J_S505_N704	0	0	0	0	0	37	0	0	0	0	0	0	0	0	0	0	0	0	0	0	0	0	0	0	0	0	0	0	0	0	0	0	0
Zotu12_P1_C11_7IZPOC1W_S506_N706	0	0	0	0	0	0	355	0	0	0	0	0	1	0	38	0	0	0	0	0	0	0	0	0	0	0	0	0	0	0	0	0	0
Zotu12_P1_F08_41TDIST2_S503_N705	0	0	0	0	0	0	0	0	0	0	0	0	0	628	0	0	1	0	0	0	0	0	0	0	0	761	0	0	0	0	0	0	0
Zotu12_P2_A01_16IZPOC1_S502_N707	0	0	0	0	0	0	0	0	0	0	0	0	0	0	0	0	462	0	0	0	351	0	0	0	0	0	0	0	0	0	0	0	0
Zotu131_P1_A01_32TCONS2_S502_N701	11	0	59	0	0	0	0	0	258	0	0	0	11	0	1	14	0	0	0	0	0	1	0	0	0	0	0	0	5	0	105	0	0
Zotu131_P1_F08_41TDIST2_S503_N705	0	0	0	0	0	0	0	0	0	0	0	0	0	13	0	0	0	0	0	0	0	0	0	0	0	31	0	0	0	0	0	0	0
Zotu131_P2_A01_16IZPOC1_S502_N707	0	0	0	0	0	0	0	0	0	0	0	0	0	0	0	0	14	0	0	15	0	0	0	0	0	0	0	0	0	0	0	0	0
Zotu133_P1_E02_21MMC3_S517_N701	0	0	0	0	0	0	0	0	0	0	13	0	0	0	0	4	0	0	0	0	0	0	26	0	0	0	0	0	0	0	0	0	0
Zotu133_P1_F08_41TDIST2_S503_N705	0	0	0	0	0	0	0	0	0	0	0	0	0	13	0	0	0	0	0	0	0	0	0	3	0	4	0	0	0	0	0	0	0
Zotu134_P1_F08_41TDIST2_S503_N705	0	0	0	0	0	0	0	0	0	0	0	0	0	13	0	0	0	0	0	0	0	0	0	0	0	19	0	0	0	0	0	0	0
Zotu134_P2_A01_16IZPOC1_S502_N707	0	0	0	0	0	0	0	0	0	0	0	0	0	0	0	0	13	0	0	10	0	0	0	0	0	0	0	0	0	0	0	0	0
Zotu134_P2_D03_12MMOC3R_S504_N708	0	0	0	0	0	0	0	0	0	0	0	0	0	0	0	0	0	0	0	0	0	17	0	0	0	0	0	0	0	0	0	0	0
Zotu135_P2_G03_2SHCN5C2J_S506_N708	0	0	0	0	0	0	0	0	0	0	0	0	0	0	0	0	0	0	0	0	0	0	0	0	0	0	0	0	10	0	0	0	0
Zotu136_P1_D05_13SHC4C1_S505_N703	0	0	0	0	0	0	0	0	28	0	0	0	0	0	0	0	0	0	0	0	0	0	0	0	0	0	0	0	0	0	5	0	0
Zotu136_P1_G01_8IZTPOCR_S505_N701	0	0	0	0	0	0	0	0	0	0	0	0	0	0	8	0	0	0	0	0	0	76	0	0	0	0	0	0	0	0	0	0	0
Zotu137_P1_F08_41TDIST2_S503_N705	0	0	0	0	0	0	0	0	0	0	0	0	0	12	0	0	0	0	0	0	0	0	0	0	0	21	0	0	0	0	0	0	0
Zotu137_P1_G01_8IZTPOCR_S505_N701	0	0	0	0	0	0	0	0	0	0	0	0	0	0	8	0	0	0	0	0	0	0	0	0	0	0	0	0	0	0	0	0	0
Zotu138_P1_D05_13SHC4C1_S505_N703	0	0	0	0	0	0	0	0	27	0	0	0	0	0	0	0	0	0	0	0	0	0	0	0	0	0	0	0	0	0	8	0	0
Zotu138_P2_D03_12MMOC3R_S504_N708	0	0	0	0	0	0	0	0	0	0	0	0	0	0	0	0	0	0	0	0	0	16	0	0	0	0	0	0	0	0	0	0	0
Zotu138_P2_G03_2SHCN5C2J_S506_N708	0	0	0	0	0	0	0	0	0	0	0	0	0	0	0	0	0	0	0	0	0	0	0	0	0	0	0	0	10	0	0	0	0
Zotu139_P1_E02_21MMC3_S517_N701	0	0	0	0	0	0	0	0	2	0	12	0	0	0	0	0	0	0	0	0	0	0	0	0	13	0	0	0	0	0	1	0	0
Zotu139_P2_D03_12MMOC3R_S504_N708	0	0	0	0	0	0	0	0	0	0	0	0	0	0	0	0	0	0	0	0	0	16	0	0	0	0	0	0	0	0	0	0	0
Zotu13_P1_B09_9MMC3P_S505_N705	0	0	0	275	0	0	0	0	0	0	20	0	0	0	0	0	0	0	0	0	0	0	0	0	37	0	0	0	0	0	0	0	0
Zotu13_P1_D10_4SHC5C2R_S502_N706	0	0	0	0	0	0	0	0	0	718	0	0	0	0	0	0	0	0	0	0	0	0	0	0	0	0	0	0	0	0	0	0	0
Zotu140_P2_D03_12MMOC3R_S504_N708	0	0	0	2	0	0	0	0	0	0	0	0	0	0	0	0	0	0	0	0	0	15	0	0	0	0	0	0	0	0	0	0	0
Zotu141_P1_E02_21MMC3_S517_N701	0	0	0	0	0	0	0	0	0	0	11	0	0	0	0	0	0	0	0	0	0	0	12	0	9	0	0	0	0	0	0	0	0
Zotu143_P1_E02_21MMC3_S517_N701	0	0	0	0	3	0	0	0	0	0	11	0	0	0	0	0	0	0	0	0	0	0	0	0	29	0	4	0	0	2	0	0	0
Zotu144_P1_C03_29TRE808_S504_N702	0	0	0	0	5	0	0	0	0	0	0	0	0	0	0	0	0	0	0	0	0	0	0	0	0	0	1	0	0	0	0	0	0
Zotu144_P1_D05_13SHC4C1_S505_N703	0	0	0	0	0	0	0	0	24	0	0	0	0	0	0	0	0	0	0	0	0	0	0	0	0	0	0	0	0	0	7	0	0
Zotu144_P1_F08_41TDIST2_S503_N705	0	0	0	0	0	0	0	0	0	0	0	0	0	11	0	0	0	0	0	0	0	0	0	0	0	11	0	0	0	0	0	0	0
Zotu145_P1_C03_29TRE808_S504_N702	0	0	0	0	5	0	0	0	0	0	0	0	0	0	0	0	0	0	0	0	0	0	0	0	0	0	8	0	0	0	0	0	0
Zotu145_P1_H04_19MMC1_S503_N703	0	0	0	0	0	0	0	0	0	0	0	0	0	0	0	4	0	0	0	0	0	0	0	0	0	0	0	0	0	0	0	0	0
Zotu146_P1_C03_29TRE808_S504_N702	0	0	0	0	5	0	0	0	0	0	0	0	0	0	0	0	0	0	0	0	0	0	0	0	0	0	0	0	0	1	0	0	0
Zotu146_P1_F08_41TDIST2_S503_N705	0	0	0	0	0	0	0	0	0	0	0	0	0	9	0	0	0	0	0	0	0	0	0	0	0	12	0	0	0	0	0	0	0
Zotu146_P1_H04_19MMC1_S503_N703	0	0	0	0	0	0	0	0	0	0	0	0	0	0	0	4	0	0	0	0	0	0	0	0	0	0	0	0	0	0	0	0	0
Zotu148_P1_D05_13SHC4C1_S505_N703	0	0	0	0	0	0	0	0	23	0	5	0	0	0	0	0	0	0	0	0	0	29	0	0	9	0	0	0	0	0	5	0	0
Zotu148_P1_F08_41TDIST2_S503_N705	0	1	0	0	0	0	0	0	0	0	0	0	0	9	0	0	0	0	0	0	0	0	0	0	0	12	0	0	0	0	0	0	0
Zotu148_P1_G01_8IZTPOCR_S505_N701	0	0	0	0	0	0	0	0	2	0	0	0	0	0	6	0	0	0	0	0	0	0	0	0	0	0	0	0	0	0	0	0	0
Zotu149_P1_E02_21MMC3_S517_N701	0	0	0	0	0	0	0	0	0	0	10	0	0	0	0	0	0	0	0	0	0	0	0	0	7	0	0	0	0	0	0	0	1
Zotu149_P1_G01_8IZTPOCR_S505_N701	0	0	0	0	0	0	0	0	0	0	0	0	0	0	6	0	0	0	0	0	0	0	0	0	0	0	0	0	0	0	0	0	0
Zotu149_P1_H04_19MMC1_S503_N703	0	0	0	0	0	0	0	0	0	0	0	0	0	0	0	4	0	0	0	0	0	0	0	0	0	0	0	0	0	0	0	0	0
Zotu14_P1_F08_41TDIST2_S503_N705	73	0	14	0	63	0	0	0	0	0	0	0	0	552	0	1	0	0	0	0	0	0	0	5	0	594	101	0	0	0	0	0	0
Zotu14_P1_G01_8IZTPOCR_S505_N701	0	0	0	0	0	0	0	0	0	0	0	0	1	0	233	0	0	0	0	0	0	0	0	0	0	0	0	0	0	0	0	0	0
Zotu150_P1_H04_19MMC1_S503_N703	0	0	0	0	0	0	0	0	0	0	0	0	0	0	0	4	0	0	0	0	0	0	0	0	0	0	0	0	0	0	0	0	0
Zotu150_P2_D03_12MMOC3R_S504_N708	0	0	0	0	0	0	0	0	0	0	0	0	0	0	0	0	0	0	0	0	0	13	0	0	0	0	0	0	0	0	0	0	0
Zotu151_P1_A01_32TCONS2_S502_N701	7	0	0	0	0	0	0	0	0	0	0	0	0	0	0	0	0	0	0	0	0	0	0	0	0	0	0	0	0	0	0	0	0
Zotu151_P2_D03_12MMOC3R_S504_N708	0	0	0	3	0	0	0	0	0	0	0	0	0	0	0	0	0	0	0	0	0	12	0	0	0	0	0	0	0	0	0	0	0
Zotu151_P2_E05_41TDIST2b_S502_N710	0	0	0	0	0	0	0	0	0	0	0	0	0	1	0	0	0	0	0	0	0	0	0	0	0	6	0	0	0	0	0	0	0
Zotu152_P1_D05_13SHC4C1_S505_N703	0	0	0	0	0	0	0	0	23	0	0	0	0	0	0	0	0	0	0	0	0	0	0	0	0	0	0	0	0	0	0	0	0
Zotu152_P2_A01_16IZPOC1_S502_N707	0	0	0	0	0	0	0	0	0	0	0	0	0	0	0	0	10	0	0	8	0	0	0	0	0	0	0	0	0	0	0	0	0
Zotu153_P2_D03_12MMOC3R_S504_N708	0	0	0	0	0	0	0	0	0	0	0	0	0	0	0	0	0	0	0	0	0	11	0	0	0	0	0	0	0	0	0	0	0
Zotu154_P2_E04_21MMC3b_S502_N709	0	0	0	1	0	0	0	0	0	0	2	0	0	0	0	0	0	0	0	0	0	0	0	0	8	0	0	0	0	0	0	0	0
Zotu155_P1_D05_13SHC4C1_S505_N703	0	0	0	6	0	0	0	0	22	0	0	0	0	0	0	0	0	0	0	0	0	451	0	0	0	0	0	0	0	0	10	0	0
Zotu155_P2_A01_16IZPOC1_S502_N707	0	0	0	0	0	0	0	0	0	0	0	0	0	0	18	0	10	0	0	5	0	0	0	0	0	0	0	0	0	0	0	0	0
Zotu156_P1_D05_13SHC4C1_S505_N703	0	0	0	0	0	0	0	0	22	0	0	0	0	0	0	0	0	0	0	0	0	2	1	0	0	0	0	0	0	0	6	0	0
Zotu156_P2_A01_16IZPOC1_S502_N707	0	0	0	0	0	0	0	0	0	0	0	0	0	0	0	0	10	0	0	5	0	0	0	0	0	0	0	0	0	0	0	0	0
Zotu156_P2_D03_12MMOC3R_S504_N708	0	0	0	0	0	0	0	0	0	0	0	0	0	0	0	0	0	0	0	0	0	11	0	0	0	0	0	0	0	0	0	0	0
Zotu157_P1_C03_29TRE808_S504_N702	0	0	0	0	4	0	0	0	0	0	0	0	0	0	0	0	0	0	0	0	0	0	0	0	0	0	6	0	0	0	0	0	0
Zotu157_P2_E04_21MMC3b_S502_N709	0	0	0	0	0	0	0	0	0	0	2	0	0	0	0	0	0	0	0	0	0	3	0	0	8	0	0	0	0	0	0	0	0
Zotu158_P1_A01_32TCONS2_S502_N701	6	0	0	0	0	0	0	0	0	0	0	0	0	1	0	1	0	0	0	0	0	0	0	0	0	1	0	0	0	0	0	0	0
Zotu158_P1_D05_13SHC4C1_S505_N703	0	0	0	0	0	0	0	0	21	0	0	0	0	0	0	0	0	0	0	0	0	0	0	0	0	0	0	0	0	0	7	0	0
Zotu15_P1_A01_32TCONS2_S502_N701	742	0	0	0	0	0	0	0	0	0	0	0	0	1	0	0	0	0	0	0	0	0	0	0	0	0	0	0	0	0	0	0	0
Zotu15_P1_B09_9MMC3P_S505_N705	0	0	0	179	0	0	0	0	0	0	0	0	0	0	0	0	0	0	0	0	0	0	0	0	0	0	0	0	0	0	0	0	0
Zotu15_P1_D10_4SHC5C2R_S502_N706	0	0	0	0	0	0	0	0	0	637	0	0	0	0	0	0	0	0	0	0	0	0	0	0	0	0	0	0	0	0	0	0	0
Zotu15_P1_E03_55TRE137_S505_N702	0	0	0	0	0	0	0	0	0	0	0	685	0	25	0	0	0	0	784	0	0	0	0	0	0	36	0	0	0	0	0	0	0
Zotu15_P1_F08_41TDIST2_S503_N705	0	0	0	0	0	0	0	0	0	0	0	0	0	526	0	0	0	0	0	0	0	0	0	0	0	550	0	0	0	0	0	0	0
Zotu15_P2_A01_16IZPOC1_S502_N707	0	0	0	0	0	1	0	0	0	0	0	0	0	0	0	0	336	0	0	0	238	0	0	0	0	0	0	0	1	0	0	0	0
Zotu15_P2_G03_2SHCN5C2J_S506_N708	0	0	0	0	0	0	0	0	0	0	0	0	0	0	0	0	0	0	0	0	0	0	0	0	0	0	0	0	137	0	0	0	0
Zotu160_P1_F08_41TDIST2_S503_N705	0	0	0	0	0	0	0	0	0	0	0	0	0	7	0	0	14	0	0	4	0	0	0	0	0	15	0	0	2	0	0	0	0
Zotu160_P2_A01_16IZPOC1_S502_N707	0	0	0	0	0	0	0	0	0	0	0	0	0	0	0	0	10	0	0	7	0	0	0	0	0	0	0	0	0	0	0	0	0
Zotu160_P2_D03_12MMOC3R_S504_N708	0	0	0	1	0	0	0	0	0	0	0	0	0	0	0	0	0	0	0	0	0	10	0	0	0	0	0	0	0	0	0	0	0
Zotu161_P1_A01_32TCONS2_S502_N701	5	0	0	0	0	0	0	0	0	0	0	0	0	0	0	2	0	0	0	0	0	0	0	0	0	0	0	0	0	0	0	0	0
Zotu162_P1_A01_32TCONS2_S502_N701	5	0	0	0	0	0	0	0	0	0	0	0	0	0	0	0	0	0	0	0	0	0	0	0	0	0	0	0	0	0	0	0	0
Zotu162_P1_E02_21MMC3_S517_N701	0	0	0	0	0	0	0	0	0	0	9	0	0	0	0	0	0	0	0	0	0	0	0	0	19	0	0	0	0	0	0	0	0
Zotu162_P2_D03_12MMOC3R_S504_N708	0	0	0	0	0	0	0	0	0	0	0	0	0	0	0	0	0	0	0	0	0	10	0	0	0	0	0	0	0	0	0	0	0
Zotu163_P1_D05_13SHC4C1_S505_N703	0	0	0	0	0	0	0	0	18	0	2	0	1	0	0	0	1	0	0	4	0	0	0	0	0	0	0	0	0	0	10	0	0
Zotu163_P2_E04_21MMC3b_S502_N709	0	0	0	0	0	0	0	0	0	0	1	0	0	0	0	0	0	0	0	0	0	0	0	0	8	0	0	0	0	0	0	0	0
Zotu165_P1_A01_32TCONS2_S502_N701	5	0	0	0	0	0	0	0	0	0	0	0	0	0	0	1	0	0	0	0	0	0	0	0	0	0	0	0	0	0	0	0	0
Zotu165_P2_D03_12MMOC3R_S504_N708	0	0	0	0	0	0	0	0	0	0	0	0	0	0	0	0	0	0	0	0	0	9	0	0	0	0	0	0	0	0	0	0	0
Zotu165_P2_E05_41TDIST2b_S502_N710	0	0	0	0	0	0	0	0	0	0	0	0	0	0	0	0	0	0	0	0	0	0	0	0	0	4	0	0	0	0	0	0	0
Zotu166_P2_D03_12MMOC3R_S504_N708	0	0	0	0	0	0	0	0	0	0	0	0	0	0	0	0	0	0	0	0	0	9	0	0	0	0	0	0	0	0	0	0	0
Zotu168_P1_G01_8IZTPOCR_S505_N701	0	0	0	0	0	0	0	0	0	0	0	0	0	0	4	0	0	0	0	0	0	0	0	0	0	0	0	0	0	0	0	0	0
Zotu169_P1_A01_32TCONS2_S502_N701	4	0	0	0	0	0	0	0	0	0	0	0	0	0	0	0	0	0	0	0	0	0	0	0	0	0	0	0	0	0	0	0	0
Zotu169_P2_D03_12MMOC3R_S504_N708	0	0	0	0	0	0	0	0	0	0	0	0	0	0	0	0	0	0	0	0	0	9	0	0	0	0	0	0	0	0	0	0	0
Zotu169_P2_E05_41TDIST2b_S502_N710	0	0	0	0	0	0	0	0	0	0	0	0	0	2	0	0	0	0	0	0	0	0	0	0	0	4	0	0	1	0	0	0	0
Zotu16_P1_A01_32TCONS2_S502_N701	739	0	0	0	0	0	0	0	0	0	0	0	0	0	0	0	1	0	0	0	0	0	0	0	0	0	0	0	0	0	0	0	0
Zotu16_P1_B07_1SHC5C2P_S504_N704	0	0	61	0	0	0	0	0	36	0	0	0	12	0	0	0	0	0	0	0	0	0	0	0	0	0	0	0	16	0	7	0	0
Zotu16_P1_B09_9MMC3P_S505_N705	0	0	6	173	0	0	0	0	6	0	0	0	0	0	0	0	0	0	0	0	0	0	0	0	4	0	0	0	0	0	2	0	0
Zotu16_P1_D10_4SHC5C2R_S502_N706	0	0	0	0	0	0	0	0	0	584	0	0	0	0	0	0	0	0	0	0	0	198	0	0	0	0	0	0	0	0	0	0	0
Zotu16_P1_F08_41TDIST2_S503_N705	0	0	0	0	0	0	0	0	0	0	1	0	0	523	0	0	0	0	0	0	0	0	0	300	0	0	0	0	0	0	0	0	0
Zotu170_P1_D05_13SHC4C1_S505_N703	0	2	1	0	0	0	0	0	16	0	1	21	1	3	0	209	0	0	0	0	0	0	0	0	0	4	0	0	8	0	1	10	46
Zotu172_P2_E05_41TDIST2b_S502_N710	0	0	0	0	0	0	0	0	0	0	0	0	0	2	0	0	0	0	0	0	0	0	0	0	0	4	0	0	0	0	0	0	0
Zotu173_P1_E02_21MMC3_S517_N701	0	0	0	0	0	0	0	0	0	0	8	0	0	0	0	0	0	0	0	0	0	0	0	0	6	0	0	0	0	0	0	0	0
Zotu174_P1_G01_8IZTPOCR_S505_N701	0	0	0	0	0	0	0	0	0	0	0	0	0	0	4	0	0	0	0	0	0	0	0	0	0	0	0	0	0	0	0	0	0
Zotu175_P1_G01_8IZTPOCR_S505_N701	0	0	0	0	0	0	0	0	0	0	0	0	0	0	4	0	0	0	0	0	0	0	0	0	0	0	0	0	0	0	0	0	0
Zotu177_P1_E02_21MMC3_S517_N701	0	0	0	0	0	0	0	0	0	0	7	0	0	0	0	0	0	0	0	0	0	0	0	0	6	0	0	0	0	0	0	0	0
Zotu177_P2_D03_12MMOC3R_S504_N708	0	0	0	0	0	0	0	0	0	0	0	0	0	0	0	0	0	0	0	0	0	8	0	0	0	0	0	0	0	0	0	0	0
Zotu178_P2_D03_12MMOC3R_S504_N708	0	0	0	1	0	0	0	0	0	0	0	0	0	0	0	0	0	0	0	0	0	7	0	0	0	0	0	0	0	0	0	0	0
Zotu179_P2_A01_16IZPOC1_S502_N707	0	0	0	0	0	0	0	0	0	0	0	0	0	0	0	0	8	0	0	4	0	0	0	0	0	0	0	0	0	0	0	0	0
Zotu179_P2_D03_12MMOC3R_S504_N708	0	0	0	1	0	0	0	0	0	0	0	0	0	0	0	0	0	0	0	0	0	7	0	0	0	0	0	0	0	0	0	0	0
Zotu179_P2_E04_21MMC3b_S502_N709	0	0	0	0	0	0	0	0	0	0	0	0	0	0	0	0	0	0	0	0	0	0	0	0	6	0	0	0	0	0	0	0	0
Zotu17_P1_A01_32TCONS2_S502_N701	731	0	0	3	0	0	0	0	4	0	0	1551	0	85	0	0	1	0	0	0	0	0	0	0	0	115	0	0	0	0	0	1646	0
Zotu17_P1_B09_9MMC3P_S505_N705	0	0	0	170	0	0	0	0	0	0	0	0	0	0	0	0	0	0	0	0	0	3206	0	0	0	0	0	0	1	1	0	0	0
Zotu17_P1_C07_6IZPOC1J_S505_N704	1	1	1	0	0	29	0	0	0	0	0	0	31	0	0	2	5786	0	0	819	3421	0	0	0	0	0	0	0	2	0	0	0	0
Zotu17_P1_D10_4SHC5C2R_S502_N706	0	0	0	0	0	0	0	0	0	474	0	0	0	0	0	0	0	0	0	0	0	0	0	0	0	0	0	0	0	0	0	0	0
Zotu17_P1_E03_55TRE137_S505_N702	0	1	0	0	0	0	0	0	0	0	0	535	0	0	0	0	0	0	603	0	0	0	0	0	0	0	0	0	0	1	0	0	0
Zotu180_P1_D05_13SHC4C1_S505_N703	0	0	0	0	0	0	0	0	12	0	0	5	0	0	0	0	0	0	0	0	1	0	0	0	0	0	0	0	8	0	0	2	0
Zotu180_P2_D03_12MMOC3R_S504_N708	0	0	0	1	0	0	0	0	0	0	0	0	0	0	0	0	0	0	0	0	0	7	0	0	0	0	0	0	0	0	0	0	0
Zotu181_P2_A01_16IZPOC1_S502_N707	0	0	0	0	0	0	0	0	0	0	0	0	0	0	0	0	8	0	0	4	0	0	0	0	0	0	0	0	0	0	0	0	0
Zotu183_P2_D03_12MMOC3R_S504_N708	0	0	0	0	0	0	0	0	0	0	0	0	0	0	0	0	0	0	0	0	0	6	0	0	0	0	0	0	0	0	0	0	0
Zotu185_P1_E02_21MMC3_S517_N701	0	0	0	0	0	0	0	0	0	0	6	0	0	0	0	0	0	0	0	0	0	0	0	0	3	0	0	0	0	0	0	0	0
Zotu185_P2_D03_12MMOC3R_S504_N708	0	0	0	0	0	0	0	0	0	0	0	0	0	0	0	0	0	0	0	0	0	6	0	0	0	0	0	0	0	0	0	0	0
Zotu188_P1_E02_21MMC3_S517_N701	0	0	0	0	0	0	0	0	0	0	6	0	0	0	0	0	0	0	0	0	0	0	0	0	19	0	0	0	0	0	0	0	0
Zotu189_P2_D03_12MMOC3R_S504_N708	0	0	0	0	0	0	0	0	0	0	0	0	0	0	0	0	0	0	0	0	0	6	0	0	0	0	0	0	0	0	0	0	0
Zotu18_P1_A01_32TCONS2_S502_N701	706	0	0	0	0	0	0	0	0	0	0	0	0	0	0	0	0	0	0	0	0	0	0	0	0	0	0	0	0	0	0	0	0
Zotu18_P1_B07_1SHC5C2P_S504_N704	0	0	54	0	0	0	0	0	0	0	0	0	17	0	0	0	0	0	0	0	0	0	0	0	0	0	0	0	0	0	0	0	0
Zotu18_P1_B09_9MMC3P_S505_N705	0	0	0	153	0	0	0	0	0	0	0	0	0	0	0	0	0	0	0	0	0	843	0	0	0	0	0	0	0	0	0	0	0
Zotu18_P1_C11_7IZPOC1W_S506_N706	0	0	0	0	0	0	79	0	0	0	0	0	0	0	0	0	0	0	0	0	0	0	0	0	0	0	0	0	0	0	0	0	0
Zotu18_P1_E02_21MMC3_S517_N701	0	0	0	0	0	0	0	0	0	0	286	0	0	0	0	13	0	0	0	0	0	0	527	0	17	0	0	0	0	0	0	0	0
Zotu18_P1_F08_41TDIST2_S503_N705	0	0	0	0	0	0	0	0	0	0	1	0	0	495	0	0	0	0	0	0	0	0	0	0	0	599	0	0	15	0	0	0	0
Zotu18_P2_A01_16IZPOC1_S502_N707	0	0	0	0	0	1	0	0	0	0	0	0	0	0	0	0	279	0	0	0	224	0	0	0	0	0	0	0	0	0	0	0	0
Zotu18_P2_D05_41TDIST2a_S517_N709	0	0	0	0	0	0	0	0	0	0	0	0	0	84	0	0	0	0	0	0	0	0	0	61	0	0	0	0	0	0	0	0	0
Zotu18_P2_F04_29TRE808a_S503_N709	1	0	1	0	67	0	0	0	0	0	0	0	0	0	0	0	0	0	0	0	0	0	0	0	0	0	191	0	0	0	0	0	0
Zotu190_P1_E02_21MMC3_S517_N701	0	0	0	0	0	0	0	0	0	0	6	0	0	0	0	0	0	0	0	0	0	0	0	0	5	0	0	0	0	0	0	0	0
Zotu190_P2_D03_12MMOC3R_S504_N708	0	0	0	0	0	0	0	0	0	0	0	0	0	0	0	0	0	0	0	0	0	5	0	0	0	0	0	0	0	0	0	0	0
Zotu190_P2_E04_21MMC3b_S502_N709	0	0	0	0	0	0	0	0	0	0	2	0	0	0	0	0	0	0	0	0	0	0	0	0	5	0	0	0	0	0	0	0	0
Zotu191_P2_D03_12MMOC3R_S504_N708	0	0	0	0	0	0	0	0	0	0	0	0	0	0	0	0	0	0	0	0	0	5	0	0	0	0	0	0	0	0	0	0	0
Zotu192_P2_D03_12MMOC3R_S504_N708	0	0	0	0	0	0	0	0	0	0	0	0	0	0	0	0	0	0	0	0	0	5	0	0	0	0	0	0	0	0	0	0	0
Zotu194_P2_D03_12MMOC3R_S504_N708	0	0	0	0	0	0	0	0	0	0	0	0	0	0	0	0	0	0	0	0	0	5	0	0	0	0	0	0	0	0	0	0	0
Zotu195_P1_E02_21MMC3_S517_N701	0	0	0	0	0	0	0	0	0	0	5	0	0	0	0	0	0	0	0	0	0	0	0	0	7	0	0	0	0	0	0	0	0
Zotu195_P2_E04_21MMC3b_S502_N709	0	0	0	0	0	0	0	0	0	0	1	0	0	0	0	0	0	0	0	0	0	0	0	0	5	0	0	0	0	0	0	0	0
Zotu197_P2_D03_12MMOC3R_S504_N708	0	0	0	0	0	0	0	0	0	0	0	0	0	0	0	0	0	0	0	0	0	5	0	0	0	0	0	0	0	0	0	0	0
Zotu198_P1_D05_13SHC4C1_S505_N703	0	0	0	0	0	0	0	0	9	0	0	0	0	0	0	0	0	0	0	0	0	0	0	0	0	0	0	0	0	0	3	0	0
Zotu198_P2_D03_12MMOC3R_S504_N708	0	0	0	0	0	0	0	0	0	0	0	0	0	0	0	0	0	0	0	0	0	5	0	0	0	0	0	0	0	0	0	0	0
Zotu19_P1_A01_32TCONS2_S502_N701	684	6	13	0	238	1	1	0	243	2	1	0	1	16	0	22	4	0	1	0	0	1	3	5	0	3	472	0	22	0	0	0	0
Zotu19_P1_B07_1SHC5C2P_S504_N704	1	0	53	0	0	0	0	0	0	0	0	0	0	0	0	0	0	0	0	0	0	0	0	0	0	0	0	0	0	0	0	0	0
Zotu19_P1_D05_13SHC4C1_S505_N703	0	2	0	1	0	1	0	0	294	0	0	0	0	0	0	0	0	0	0	0	0	0	0	0	0	0	0	0	0	0	0	0	0
Zotu19_P1_H04_19MMC1_S503_N703	0	0	0	0	0	0	0	0	0	0	0	0	0	0	0	734	0	0	0	0	0	0	2	0	0	0	0	0	0	0	0	0	88
Zotu19_P2_A01_16IZPOC1_S502_N707	0	0	0	0	0	0	0	0	0	0	0	0	0	0	0	0	276	0	0	0	234	0	0	0	0	0	0	0	0	0	0	0	0
Zotu19_P2_D03_12MMOC3R_S504_N708	0	0	0	0	0	0	0	0	0	0	0	0	0	0	0	0	0	0	0	0	0	684	0	0	0	0	0	0	0	0	0	0	0
Zotu1_P1_A01_32TCONS2_S502_N701	7825	3	323	1	108	1	1	3	1	0	0	0	44	3	1	4113	2	2	0	0	0	0	0	0	0	0	210	0	45	0	0	0	0
Zotu1_P1_B07_1SHC5C2P_S504_N704	0	2	2931	1	0	3	1	0	8654	2738	0	0	585	6	1	0	1	0	1	0	0	0	0	1	0	0	0	1	191	0	3052	0	0
Zotu1_P1_D10_4SHC5C2R_S502_N706	0	0	3	0	0	0	0	0	0	3894	0	0	0	0	0	0	0	0	0	0	0	90	0	0	0	0	0	0	10	0	0	0	0
Zotu1_P1_E03_55TRE137_S505_N702	0	1	0	0	0	0	0	0	0	0	0	2514	0	0	0	0	0	0	0	1	0	0	0	0	0	0	0	0	0	0	0	2843	0
Zotu1_P2_G03_2SHCN5C2J_S506_N708	0	0	0	0	0	0	0	0	0	0	0	0	0	0	0	0	0	0	0	0	0	0	0	0	0	0	0	0	1087	0	0	0	0
Zotu201_P1_D05_13SHC4C1_S505_N703	0	0	0	0	0	0	0	0	9	0	594	0	0	0	0	0	0	0	0	0	0	0	120	0	625	0	0	0	0	0	0	0	0
Zotu201_P2_D03_12MMOC3R_S504_N708	0	0	0	0	0	0	0	0	0	0	0	0	0	0	0	0	0	0	0	0	0	4	0	0	0	0	0	0	0	0	0	0	0
Zotu203_P2_D03_12MMOC3R_S504_N708	0	0	0	0	0	0	0	0	0	0	0	0	0	0	0	0	0	0	0	0	0	4	0	0	0	0	0	0	0	0	0	0	0
Zotu205_P1_D05_13SHC4C1_S505_N703	0	0	0	0	0	0	0	0	9	0	0	0	0	0	0	0	0	0	0	0	0	0	0	0	0	0	0	0	0	0	6	0	0
Zotu206_P1_D05_13SHC4C1_S505_N703	0	0	0	0	0	0	0	0	8	0	0	0	0	0	0	0	0	0	0	0	0	0	0	0	0	0	0	0	0	0	1	0	0
Zotu206_P2_B05_16IZPOC1a_S507_N709	0	0	0	0	0	0	0	0	0	0	0	0	0	0	0	0	2	0	0	4	0	0	0	0	0	0	0	0	0	0	0	0	0
Zotu207_P1_D05_13SHC4C1_S505_N703	0	0	0	0	0	0	0	0	8	0	0	0	0	0	0	0	0	0	0	0	0	0	0	0	0	0	0	0	0	0	4	0	0
Zotu207_P2_G03_2SHCN5C2J_S506_N708	0	0	0	0	0	0	0	0	0	0	0	0	0	0	0	0	0	0	0	0	0	0	0	0	0	0	0	0	6	0	0	0	0
Zotu20_P1_A01_32TCONS2_S502_N701	668	2	288	0	212	3	1	0	443	0	1	0	1	591	0	2	3	1	0	0	0	0	1	415	0	1	520	1	2	0	0	0	0
Zotu20_P1_B07_1SHC5C2P_S504_N704	19	0	53	0	0	0	0	0	0	0	0	0	14	0	0	8	0	0	0	0	0	0	1	0	0	0	0	0	40	0	0	0	0
Zotu20_P1_C07_6IZPOC1J_S505_N704	0	0	0	0	0	23	0	0	0	0	0	0	1	0	2	0	0	0	0	0	0	0	0	0	0	0	0	0	2	0	0	0	0
Zotu20_P1_C11_7IZPOC1W_S506_N706	0	0	0	0	0	0	70	0	0	0	0	0	0	0	0	0	0	0	0	0	0	0	0	0	0	0	0	0	4	0	0	0	0
Zotu20_P1_D10_4SHC5C2R_S502_N706	0	0	0	0	0	0	0	0	0	460	0	0	0	0	0	0	0	0	0	0	0	0	0	0	0	0	0	0	0	0	0	0	0
Zotu20_P2_A01_16IZPOC1_S502_N707	0	0	0	0	0	0	0	0	0	0	0	0	0	0	0	0	260	0	0	0	176	0	0	0	0	0	0	0	0	0	0	0	0
Zotu20_P2_D03_12MMOC3R_S504_N708	0	0	0	49	0	0	0	0	0	0	2	0	0	0	0	0	0	0	0	0	0	632	0	0	3	0	0	0	0	0	0	0	0
Zotu20_P2_G03_2SHCN5C2J_S506_N708	0	0	0	0	0	0	0	0	0	0	0	0	0	0	0	0	0	0	0	0	0	0	0	0	0	0	0	0	106	0	0	0	0
Zotu210_P1_E02_21MMC3_S517_N701	0	0	0	0	0	0	0	0	0	0	4	0	0	0	0	0	0	0	0	0	0	0	0	0	8	0	0	0	0	0	0	0	0
Zotu210_P2_G03_2SHCN5C2J_S506_N708	0	0	0	0	0	0	0	0	0	0	0	0	1	0	0	0	0	0	0	0	0	0	0	0	0	0	0	0	6	0	0	0	0
Zotu211_P2_B05_16IZPOC1a_S507_N709	0	0	0	0	0	0	0	0	1	0	0	0	0	0	0	0	1	0	0	4	0	0	0	0	0	0	0	0	0	0	0	0	0
Zotu211_P2_E04_21MMC3b_S502_N709	0	0	0	0	0	0	0	0	0	0	2	0	0	0	0	0	0	0	0	0	0	0	0	0	4	0	0	0	0	0	0	0	0
Zotu212_P2_A01_16IZPOC1_S502_N707	0	0	0	0	0	0	0	0	0	0	0	0	0	0	0	0	5	0	0	5	0	0	0	0	0	0	0	0	0	0	0	0	0
Zotu214_P1_D05_13SHC4C1_S505_N703	0	0	0	0	0	0	0	0	7	0	0	0	0	0	0	0	0	0	0	0	0	0	0	0	0	0	0	0	0	0	3	0	0
Zotu215_P2_D03_12MMOC3R_S504_N708	0	0	0	0	0	0	0	0	0	0	0	0	0	0	0	0	0	0	0	0	0	4	0	0	0	0	0	0	0	0	0	0	0
Zotu216_P1_E02_21MMC3_S517_N701	0	0	0	0	0	0	0	0	0	0	4	0	0	0	0	0	0	0	0	0	0	0	0	0	3	0	0	0	0	0	0	0	0
Zotu216_P2_D03_12MMOC3R_S504_N708	0	0	0	0	0	0	0	0	0	0	0	0	0	0	0	0	0	0	0	0	0	4	0	0	0	0	0	0	0	0	0	0	0
Zotu217_P1_E02_21MMC3_S517_N701	0	0	0	0	0	0	0	0	0	0	4	0	0	0	0	0	0	0	0	0	0	0	0	0	7	0	0	0	0	0	0	0	0
Zotu219_P2_A01_16IZPOC1_S502_N707	0	0	0	0	0	0	0	0	0	0	0	0	0	0	0	0	5	0	0	7	0	0	0	0	0	0	0	0	0	0	0	0	0
Zotu219_P2_E04_21MMC3b_S502_N709	0	0	0	0	0	0	0	0	0	0	1	0	0	0	0	0	0	0	0	0	0	0	0	0	4	0	0	0	0	0	0	0	0
Zotu21_P1_A01_32TCONS2_S502_N701	643	0	0	0	0	0	0	0	0	0	0	0	0	0	0	0	2	0	0	0	0	0	0	0	0	0	0	0	0	0	0	0	0
Zotu21_P1_B07_1SHC5C2P_S504_N704	1	0	49	0	0	0	0	0	0	0	0	0	10	0	0	0	0	0	0	0	0	0	0	0	0	0	0	0	1	0	0	0	0
Zotu21_P1_B09_9MMC3P_S505_N705	0	0	0	106	0	0	0	0	0	0	0	0	0	0	0	0	0	0	0	0	0	0	0	0	0	0	0	0	0	0	0	0	0
Zotu21_P1_C03_29TRE808_S504_N702	0	0	0	0	145	0	0	0	0	0	0	946	1	61	0	0	0	0	1145	0	0	0	0	0	0	89	0	0	4	77	0	0	0
Zotu21_P1_F07_5IZPOC1P_S507_N704	0	0	0	0	0	0	0	0	0	0	0	0	15	0	0	0	0	0	0	0	0	0	0	0	0	0	0	0	0	0	0	0	0
Zotu221_P2_A01_16IZPOC1_S502_N707	0	0	0	0	0	0	0	0	0	0	0	0	0	0	0	0	5	0	0	0	9	0	0	0	0	0	0	0	0	0	0	0	0
Zotu222_P1_D05_13SHC4C1_S505_N703	0	0	0	0	0	0	0	0	6	0	0	0	0	0	0	0	0	0	0	0	0	0	0	0	0	0	0	0	0	0	0	0	0
Zotu222_P2_G03_2SHCN5C2J_S506_N708	0	0	0	0	0	0	0	0	0	0	0	0	0	0	0	0	0	0	0	0	0	0	0	0	0	0	0	0	5	0	0	0	0
Zotu224_P2_A01_16IZPOC1_S502_N707	0	0	0	0	0	0	0	0	0	0	0	0	0	0	0	0	5	0	0	4	0	0	0	0	0	0	0	0	0	0	0	0	0
Zotu225_P2_A01_16IZPOC1_S502_N707	0	0	0	0	0	0	0	0	0	0	0	0	0	0	0	0	5	0	0	5	0	0	0	0	0	0	0	0	0	0	0	0	0
Zotu226_P2_G03_2SHCN5C2J_S506_N708	0	0	0	0	0	0	0	0	0	0	0	0	0	0	0	0	0	0	0	0	0	0	0	0	0	0	0	0	5	0	0	0	0
Zotu22_P1_B07_1SHC5C2P_S504_N704	0	1	49	0	0	0	0	0	272	0	0	0	7	0	0	0	0	0	0	0	0	0	0	0	4	0	0	0	0	0	82	0	0
Zotu22_P1_B09_9MMC3P_S505_N705	0	0	0	101	0	0	0	0	0	0	5	0	0	0	0	610	0	0	0	0	0	0	8	0	0	0	0	0	0	0	0	0	137
Zotu22_P1_C03_29TRE808_S504_N702	113	0	0	0	130	0	0	0	5	0	1	0	0	2	0	1	1	0	0	0	0	0	1	0	0	0	263	0	0	0	0	0	0
Zotu22_P1_C07_6IZPOC1J_S505_N704	0	0	0	0	0	22	0	0	0	0	0	0	1	0	0	0	502	0	0	85	266	0	0	0	0	0	0	0	0	0	0	0	0
Zotu22_P1_F07_5IZPOC1P_S507_N704	0	0	0	0	0	0	0	0	0	0	0	0	14	0	0	0	0	0	0	0	0	0	0	0	0	0	0	0	0	0	0	0	0
Zotu22_P1_G01_8IZTPOCR_S505_N701	0	0	0	0	0	0	0	0	0	0	0	0	1	0	143	0	0	0	0	0	0	0	0	0	0	0	0	0	0	0	0	0	0
Zotu22_P2_C05_16IZPOC1b_S508_N709	0	0	0	0	0	0	0	0	0	0	0	0	0	0	0	0	170	0	0	0	127	0	0	0	0	0	0	0	0	0	0	0	0
Zotu22_P2_D03_12MMOC3R_S504_N708	0	0	0	3	0	0	0	0	0	0	1	0	0	0	0	0	0	0	0	0	0	588	0	0	0	0	0	0	0	0	0	0	0
Zotu22_P2_H05_19MMC1a_S505_N710	0	0	0	0	0	0	0	0	0	0	0	0	0	0	0	83	0	0	0	0	0	0	0	0	0	0	0	0	0	0	0	0	38
Zotu233_P2_G03_2SHCN5C2J_S506_N708	0	0	0	0	0	0	0	0	1	0	0	0	0	0	0	0	0	0	0	0	0	0	0	0	0	0	0	0	5	0	0	0	0
Zotu235_P2_A01_16IZPOC1_S502_N707	0	0	0	0	0	0	0	0	0	0	0	0	0	0	0	0	4	0	0	4	0	0	0	0	0	0	0	0	0	0	0	0	0
Zotu23_P1_A01_32TCONS2_S502_N701	563	0	0	0	0	0	0	0	0	0	0	0	0	0	0	0	0	0	0	0	0	0	0	0	0	0	0	0	0	0	0	0	0
Zotu23_P1_C07_6IZPOC1J_S505_N704	0	0	0	0	0	21	0	0	0	0	0	0	0	0	0	0	91	0	0	59	5	0	0	0	0	0	0	0	0	0	0	0	0
Zotu23_P1_F08_41TDIST2_S503_N705	0	0	0	0	0	0	0	0	0	0	0	0	0	378	0	0	0	0	0	0	0	0	0	288	0	0	0	0	0	0	0	0	0
Zotu24_P1_B07_1SHC5C2P_S504_N704	0	0	47	0	4	3	0	0	0	0	0	0	5	0	0	0	0	0	0	0	0	0	0	0	0	0	0	0	0	0	0	0	0
Zotu24_P1_B09_9MMC3P_S505_N705	0	0	0	97	0	0	0	0	0	0	0	0	0	0	0	17	0	0	0	0	0	0	0	0	0	0	0	0	0	0	0	0	0
Zotu24_P1_D10_4SHC5C2R_S502_N706	0	0	0	0	0	0	0	0	0	330	0	0	0	0	0	0	0	0	0	0	0	0	0	0	0	0	0	0	3	0	0	0	0
Zotu24_P1_F08_41TDIST2_S503_N705	0	0	0	0	0	0	0	0	0	0	0	0	0	372	0	0	0	0	0	0	0	0	0	220	0	0	0	0	0	0	0	0	0
Zotu24_P1_G01_8IZTPOCR_S505_N701	0	0	0	0	0	0	0	0	0	0	0	0	0	0	117	0	0	0	0	0	0	0	0	0	0	0	0	0	0	0	0	0	0
Zotu250_P2_A01_16IZPOC1_S502_N707	0	0	0	0	0	0	0	0	0	0	0	0	0	0	0	0	4	0	0	0	3	0	0	0	0	0	0	0	0	0	0	0	0
Zotu256_P1_D05_13SHC4C1_S505_N703	1	0	0	0	0	0	0	0	4	0	0	0	0	0	0	0	0	0	0	0	0	0	0	0	0	0	0	0	0	0	0	0	0
Zotu258_P2_G03_2SHCN5C2J_S506_N708	0	0	0	0	0	0	0	0	0	0	0	0	0	0	0	0	0	0	0	0	0	0	0	0	0	0	0	0	4	0	0	0	0
Zotu259_P2_G03_2SHCN5C2J_S506_N708	0	0	0	0	0	0	0	0	0	0	0	0	0	0	0	0	0	0	0	0	0	0	0	0	0	0	0	0	4	0	0	0	0
Zotu25_P1_A01_32TCONS2_S502_N701	417	0	0	0	0	0	0	0	0	0	0	0	0	429	0	1	0	0	0	0	0	0	0	0	0	453	0	0	0	0	0	0	0
Zotu25_P1_B07_1SHC5C2P_S504_N704	0	0	44	0	0	0	0	0	0	0	0	0	7	0	0	0	0	0	0	0	0	0	0	0	0	0	0	0	0	0	0	0	0
Zotu25_P1_B09_9MMC3P_S505_N705	0	0	0	91	0	0	0	0	0	0	0	0	0	0	0	0	0	0	0	0	0	2	0	0	0	0	0	0	0	0	0	0	0
Zotu25_P1_E02_21MMC3_S517_N701	0	0	0	75	0	0	0	0	0	0	204	0	0	0	1	0	0	0	0	0	0	3	9	0	238	0	0	0	0	0	0	0	0
Zotu25_P1_G01_8IZTPOCR_S505_N701	0	0	0	0	0	0	0	0	0	0	0	0	0	0	101	0	0	0	0	0	0	0	0	0	0	0	0	0	6	0	0	0	0
Zotu25_P2_H04_55TRE137a_S505_N709	0	0	0	0	0	0	0	0	0	0	0	2	0	0	0	0	0	0	0	0	0	0	0	0	0	0	0	0	0	0	0	9	0
Zotu260_P2_G03_2SHCN5C2J_S506_N708	0	0	0	0	0	0	0	0	0	0	0	0	0	0	0	0	0	0	0	0	0	0	0	0	0	0	0	0	4	0	0	0	0
Zotu265_P2_A01_16IZPOC1_S502_N707	0	0	0	0	0	0	0	0	0	0	0	0	0	0	0	0	4	0	0	0	0	0	0	0	0	0	0	0	0	0	0	0	0
Zotu267_P2_A01_16IZPOC1_S502_N707	0	0	0	0	0	0	0	0	0	0	0	0	0	0	0	0	4	0	0	3	0	0	0	0	0	0	0	0	0	0	0	0	0
Zotu26_P1_A01_32TCONS2_S502_N701	411	0	1	0	79	0	0	0	0	0	0	0	0	23	0	0	0	0	0	0	0	0	1	18	0	0	168	0	3	0	0	0	0
Zotu26_P1_B07_1SHC5C2P_S504_N704	0	0	37	0	3	0	0	0	0	0	0	0	4	0	0	0	0	0	0	0	0	0	0	0	0	0	0	0	0	0	0	0	0
Zotu26_P1_B09_9MMC3P_S505_N705	0	0	0	78	0	0	0	0	0	0	0	0	0	0	0	0	0	0	0	0	0	0	0	0	0	0	0	0	0	0	0	0	0
Zotu26_P1_C07_6IZPOC1J_S505_N704	0	0	0	0	0	17	0	0	0	0	0	0	0	0	0	0	0	0	0	0	0	0	0	0	0	0	0	0	0	0	0	0	0
Zotu26_P1_E03_55TRE137_S505_N702	0	0	0	0	0	0	0	0	0	0	0	294	0	0	0	0	0	0	358	0	0	0	0	0	0	0	0	0	0	0	0	0	0
Zotu26_P1_G01_8IZTPOCR_S505_N701	0	0	0	0	0	0	0	0	0	0	0	0	0	0	90	0	0	0	0	0	0	0	0	0	0	0	0	0	0	0	0	0	0
Zotu26_P1_H04_19MMC1_S503_N703	0	0	0	0	0	0	0	0	0	0	0	0	0	0	0	531	0	0	0	0	0	0	0	0	0	0	0	0	0	0	0	0	105
Zotu271_P2_G03_2SHCN5C2J_S506_N708	0	0	0	0	0	0	0	0	0	0	0	0	0	0	0	0	0	0	0	0	0	0	0	0	0	0	0	0	4	0	0	0	0
Zotu275_P2_G03_2SHCN5C2J_S506_N708	0	0	0	0	0	0	0	0	0	0	0	0	0	0	0	0	0	0	0	0	0	0	0	0	0	0	0	0	4	0	0	0	0
Zotu278_P2_G03_2SHCN5C2J_S506_N708	0	0	0	0	0	0	0	0	2	0	0	0	0	0	0	0	0	0	0	0	0	0	0	0	0	0	0	0	4	0	0	0	0
Zotu27_P1_B07_1SHC5C2P_S504_N704	0	0	36	0	0	0	0	0	0	0	0	0	9	0	0	0	0	0	0	0	0	0	0	0	0	0	0	0	0	0	0	0	0
Zotu27_P1_B09_9MMC3P_S505_N705	0	0	0	66	0	0	0	0	0	0	0	0	0	0	0	0	0	0	0	0	0	0	0	0	0	0	0	0	0	0	0	0	2
Zotu27_P1_C11_7IZPOC1W_S506_N706	0	0	0	0	0	0	31	0	0	0	0	0	0	0	0	0	0	0	0	0	0	0	0	0	0	0	0	0	0	0	0	0	0
Zotu27_P1_D05_13SHC4C1_S505_N703	0	0	2	0	0	0	0	0	251	0	0	0	0	0	0	0	0	0	0	0	0	0	0	0	0	0	0	0	0	0	80	0	0
Zotu27_P1_F07_5IZPOC1P_S507_N704	0	0	0	0	0	0	0	0	0	0	0	0	12	0	0	0	0	0	0	0	0	0	0	0	0	0	0	0	0	0	0	0	0
Zotu27_P1_G01_8IZTPOCR_S505_N701	0	0	0	0	0	0	0	0	0	0	0	0	0	0	87	0	0	0	0	0	0	0	0	0	0	0	0	0	1	0	0	0	0
Zotu27_P1_H04_19MMC1_S503_N703	0	0	0	0	0	0	0	0	0	0	0	0	0	0	0	485	0	0	0	0	0	0	0	0	0	0	0	0	0	0	0	0	78
Zotu27_P2_D03_12MMOC3R_S504_N708	0	0	0	192	0	0	0	0	0	0	0	0	0	0	0	0	0	0	0	0	0	414	1	0	0	0	0	0	0	0	0	0	0
Zotu280_P2_G03_2SHCN5C2J_S506_N708	0	0	2	0	0	0	0	0	0	0	0	0	0	0	0	0	0	0	0	0	0	0	0	0	0	0	0	0	4	0	0	0	0
Zotu28_P1_B07_1SHC5C2P_S504_N704	0	0	30	0	0	0	0	0	0	0	0	0	7	0	0	0	0	0	0	0	0	0	0	0	0	0	0	0	0	0	0	0	0
Zotu28_P1_D10_4SHC5C2R_S502_N706	0	0	0	0	0	0	0	0	0	221	0	0	0	0	0	0	0	0	0	0	0	0	0	0	0	0	0	0	2	0	0	0	0
Zotu28_P1_F08_41TDIST2_S503_N705	0	0	0	0	0	0	0	0	0	0	0	0	0	316	1	0	0	0	0	0	0	0	0	0	0	355	1	0	6	0	1	0	0
Zotu28_P2_D03_12MMOC3R_S504_N708	0	0	0	64	0	0	0	0	1	0	3	0	0	0	0	0	0	0	0	0	0	397	0	0	7	0	0	0	0	0	0	0	0
Zotu28_P2_H05_19MMC1a_S505_N710	0	0	0	0	0	0	0	0	0	0	0	0	0	0	0	39	0	0	0	0	0	0	0	0	0	0	0	0	0	0	0	0	19
Zotu29_P1_B07_1SHC5C2P_S504_N704	0	0	28	0	0	0	0	0	0	0	0	0	2	0	0	0	0	0	0	0	0	0	0	0	0	0	0	0	0	0	0	0	0
Zotu29_P1_B09_9MMC3P_S505_N705	0	0	0	60	0	1	0	0	0	0	222	0	0	0	0	1106	0	0	0	0	0	0	315	0	15	0	0	0	0	0	0	0	174
Zotu29_P1_G01_8IZTPOCR_S505_N701	0	0	0	0	0	0	0	0	0	0	0	0	0	0	82	0	0	0	0	0	0	631	0	0	0	0	0	0	0	0	0	0	0
Zotu29_P2_G03_2SHCN5C2J_S506_N708	0	0	0	0	0	0	0	0	0	0	1	0	0	0	0	0	0	0	0	0	0	0	0	0	0	0	0	0	76	0	0	0	0
Zotu2_P1_B09_9MMC3P_S505_N705	0	0	12	2108	0	0	0	0	132	0	137	0	2	0	0	0	0	0	0	0	0	188	0	0	182	0	0	0	0	0	38	0	0
Zotu30_P1_A01_32TCONS2_S502_N701	355	0	0	0	0	0	0	0	0	0	0	0	0	0	0	407	0	0	0	0	0	0	0	0	0	0	0	0	0	0	0	0	0
Zotu30_P1_B07_1SHC5C2P_S504_N704	0	0	25	0	0	0	0	0	140	0	0	0	3	0	1	0	0	0	0	0	0	0	0	0	0	0	0	0	0	0	45	0	0
Zotu30_P1_F08_41TDIST2_S503_N705	0	0	0	0	0	0	0	0	0	0	0	0	0	290	0	0	0	0	0	0	0	0	0	0	0	376	0	0	0	0	0	0	1
Zotu30_P2_D03_12MMOC3R_S504_N708	0	0	0	145	0	0	0	0	0	0	11	0	0	0	0	0	0	0	0	0	0	387	0	0	13	0	0	0	0	0	0	0	0
Zotu30_P2_G03_2SHCN5C2J_S506_N708	0	0	0	0	0	0	0	0	0	0	0	0	0	0	0	0	0	0	0	0	0	0	0	0	0	0	0	0	75	0	0	0	0
Zotu31_P1_A01_32TCONS2_S502_N701	343	0	0	0	0	0	0	0	0	1	0	0	0	1	0	0	1	0	0	0	0	0	0	0	0	0	0	0	0	0	0	0	0
Zotu31_P1_D05_13SHC4C1_S505_N703	236	2	0	0	20	0	0	0	234	0	0	0	0	6	0	0	0	0	0	0	0	0	0	1	0	1	50	0	0	0	0	0	0
Zotu31_P1_H04_19MMC1_S503_N703	0	0	0	1	0	0	0	0	0	0	7	0	0	0	0	403	0	0	0	0	0	0	6	0	0	0	0	0	0	0	0	0	102
Zotu31_P2_G03_2SHCN5C2J_S506_N708	0	0	0	0	0	0	0	0	0	0	0	0	0	0	0	0	0	0	0	0	0	0	0	0	0	0	0	0	70	0	0	0	0
Zotu32_P1_A01_32TCONS2_S502_N701	330	0	2	0	17	0	1	0	2	0	0	0	0	33	0	1	0	0	0	0	0	0	2	17	0	2	37	0	1	0	0	0	0
Zotu32_P1_B07_1SHC5C2P_S504_N704	0	0	25	0	0	0	0	0	0	0	0	0	4	0	0	0	0	0	0	0	0	0	0	0	0	0	0	0	0	0	0	0	0
Zotu32_P1_H04_19MMC1_S503_N703	0	0	0	0	0	0	0	0	0	0	0	0	0	0	0	397	0	0	0	0	0	0	0	0	0	0	0	0	0	0	0	0	117
Zotu33_P1_B07_1SHC5C2P_S504_N704	4	2	24	0	6	0	0	0	0	0	0	0	0	1	0	0	0	0	0	0	0	0	0	0	0	2	10	0	0	0	0	0	0
Zotu33_P1_C03_29TRE808_S504_N702	0	0	0	0	96	0	0	0	0	0	0	0	0	1	0	0	0	0	0	0	0	0	0	0	0	0	178	0	0	0	0	0	0
Zotu33_P1_D05_13SHC4C1_S505_N703	0	0	0	0	0	0	0	0	230	0	0	0	0	0	1	0	0	0	0	0	0	0	0	0	0	0	0	0	0	0	0	0	0
Zotu33_P1_F07_5IZPOC1P_S507_N704	0	0	0	0	0	0	0	0	0	0	0	0	10	0	0	0	0	0	0	0	0	0	0	0	0	0	0	0	0	0	0	0	0
Zotu33_P1_G01_8IZTPOCR_S505_N701	0	0	0	1	0	0	0	0	0	0	0	0	0	0	66	0	0	0	0	0	0	0	0	0	0	0	0	0	0	0	0	0	0
Zotu33_P2_D03_12MMOC3R_S504_N708	0	0	0	0	0	0	0	0	0	0	0	0	0	0	0	0	0	0	0	0	0	355	0	0	0	0	0	0	0	0	0	0	0
Zotu34_P1_A01_32TCONS2_S502_N701	304	0	0	0	17	0	0	0	0	0	0	0	0	0	0	0	3	0	0	0	0	0	0	0	0	0	38	0	0	0	0	0	0
Zotu34_P1_B07_1SHC5C2P_S504_N704	0	0	24	0	0	0	0	0	0	4	0	0	8	0	0	0	0	0	0	0	0	0	0	0	0	0	0	0	0	0	0	0	0
Zotu34_P1_B09_9MMC3P_S505_N705	0	0	0	39	0	0	0	0	0	0	57	0	0	0	0	838	0	0	0	0	0	0	76	0	3	0	0	0	0	0	0	0	132
Zotu34_P1_C03_29TRE808_S504_N702	0	0	0	0	94	0	0	0	0	0	0	0	0	0	0	0	0	0	0	0	0	0	0	0	0	0	0	0	0	60	0	0	0
Zotu34_P1_C07_6IZPOC1J_S505_N704	0	0	0	0	0	12	0	0	0	0	0	0	0	0	0	0	0	0	0	0	0	0	0	0	0	0	0	0	1	0	0	0	0
Zotu34_P1_D05_13SHC4C1_S505_N703	0	0	0	0	0	0	0	0	228	0	0	0	0	0	0	0	0	0	0	0	0	0	0	0	0	0	0	0	0	0	95	0	0
Zotu35_P1_A01_32TCONS2_S502_N701	271	0	0	0	0	0	0	0	0	0	0	0	0	84	0	0	0	0	0	0	0	0	0	58	0	0	1	0	0	0	0	0	0
Zotu35_P1_B07_1SHC5C2P_S504_N704	0	0	22	0	0	0	0	0	0	0	0	0	6	0	0	0	0	0	0	0	0	0	0	0	0	0	0	0	0	0	0	0	0
Zotu35_P1_B09_9MMC3P_S505_N705	0	0	0	35	0	0	0	0	0	0	0	0	0	0	0	101	0	0	0	0	0	0	3	0	0	0	0	0	0	0	0	0	22
Zotu35_P1_C03_29TRE808_S504_N702	0	0	1	0	90	0	0	0	1	0	0	0	0	3	0	0	0	0	0	0	0	0	0	1	0	1	176	0	0	0	0	0	0
Zotu35_P1_C07_6IZPOC1J_S505_N704	0	0	0	0	0	12	0	0	0	0	0	0	0	0	194	0	501	0	0	146	306	0	0	0	0	0	0	0	0	0	0	0	0
Zotu35_P1_E03_55TRE137_S505_N702	0	0	0	0	1	0	0	0	0	0	0	164	0	0	0	0	0	0	207	0	0	0	0	0	0	0	0	0	0	0	0	0	0
Zotu35_P1_F07_5IZPOC1P_S507_N704	0	0	0	0	0	0	0	0	0	0	0	0	10	0	0	0	2	0	0	0	0	0	0	0	0	0	0	0	0	0	0	0	0
Zotu35_P1_G01_8IZTPOCR_S505_N701	0	0	0	0	0	0	0	0	0	0	0	0	0	0	64	0	0	0	0	0	0	0	0	0	0	0	0	0	0	0	0	0	0
Zotu35_P2_D04_21MMC3a_S517_N708	0	0	0	3	0	0	0	0	0	0	19	0	0	0	0	10	0	0	0	0	0	0	45	0	0	0	0	0	0	0	0	0	0
Zotu36_P1_A01_32TCONS2_S502_N701	271	0	0	0	0	0	0	0	0	0	0	0	0	0	0	0	0	0	0	0	0	0	0	0	0	0	0	0	0	0	0	0	0
Zotu36_P1_B09_9MMC3P_S505_N705	0	0	3	32	0	0	0	0	1	0	7	0	2	0	0	0	0	0	0	0	0	78	1	0	7	0	0	0	0	0	0	0	0
Zotu36_P1_C03_29TRE808_S504_N702	0	0	0	0	87	0	0	0	0	0	0	0	1	2	0	1	0	0	0	0	0	0	0	0	0	1	219	0	0	0	0	0	0
Zotu36_P1_C07_6IZPOC1J_S505_N704	0	0	0	0	0	11	0	0	0	0	0	0	0	0	0	0	0	0	0	0	0	0	0	0	0	0	0	0	0	0	0	0	0
Zotu36_P2_A01_16IZPOC1_S502_N707	0	0	0	0	0	0	0	0	0	0	0	0	0	0	0	0	81	0	0	77	0	0	0	0	0	0	0	0	0	0	0	0	0
Zotu37_P1_A01_32TCONS2_S502_N701	250	0	0	0	101	2	0	1	0	2	1	0	1	0	0	22	1214	1	0	0	944	0	0	0	0	0	201	0	11	0	0	0	0
Zotu37_P1_B07_1SHC5C2P_S504_N704	0	0	20	0	0	0	0	0	0	0	0	0	6	0	0	0	0	0	0	0	0	0	0	0	0	0	0	0	0	0	0	0	0
Zotu37_P1_B09_9MMC3P_S505_N705	0	0	0	29	0	0	0	0	0	1	45	0	0	0	0	0	0	0	0	0	0	0	0	0	50	0	0	0	0	0	0	0	0
Zotu37_P1_E02_21MMC3_S517_N701	0	0	0	0	0	0	0	0	0	0	137	0	0	0	0	0	0	0	0	0	0	0	0	0	179	0	0	0	0	0	0	0	0
Zotu38_P1_A01_32TCONS2_S502_N701	226	0	0	0	0	0	0	0	0	0	0	0	0	0	0	0	0	0	0	0	0	0	0	0	0	0	0	0	0	0	0	2	0
Zotu38_P1_B09_9MMC3P_S505_N705	0	0	0	29	0	0	0	0	0	0	0	0	0	0	0	0	0	0	0	0	0	0	0	0	0	0	0	0	0	0	0	0	0
Zotu38_P1_F08_41TDIST2_S503_N705	0	0	0	0	0	0	0	0	0	0	0	0	0	201	0	0	0	0	0	0	0	0	0	0	0	236	0	0	0	0	0	0	0
Zotu38_P1_G01_8IZTPOCR_S505_N701	0	0	1	0	0	0	0	0	0	0	0	0	1	0	59	0	0	0	0	0	0	0	0	0	0	0	0	0	0	0	0	0	0
Zotu38_P2_D03_12MMOC3R_S504_N708	0	0	0	0	0	0	0	0	0	0	0	0	0	0	0	0	0	0	0	0	0	288	0	0	0	0	0	0	0	0	0	0	0
Zotu39_P1_A01_32TCONS2_S502_N701	223	0	0	0	0	0	0	0	0	0	0	0	0	0	0	0	0	0	0	0	0	0	0	0	0	0	0	0	0	0	0	0	0
Zotu39_P1_E03_55TRE137_S505_N702	0	0	0	0	0	0	0	0	0	0	0	137	0	0	0	0	0	0	148	0	0	0	0	0	0	0	0	0	0	0	0	0	0
Zotu39_P2_D03_12MMOC3R_S504_N708	0	0	0	0	0	0	0	0	0	0	0	0	0	0	0	0	0	0	0	0	0	266	0	0	0	0	0	0	0	0	0	0	0
Zotu3_P1_A01_32TCONS2_S502_N701	3942	6	7	0	85	0	0	1	450	1	1	0	0	213	1	3406	2	1	0	0	0	0	1	134	0	1	251	0	18	2	0	1	0
Zotu40_P1_A04_10MMOC3J_S507_N702	0	14	0	2075	0	1	0	0	6	1	489	0	0	0	0	0	0	1	0	0	0	1753	110	0	528	0	0	0	0	0	4	0	0
Zotu40_P1_B07_1SHC5C2P_S504_N704	0	0	18	0	0	0	0	0	326	0	0	0	4	0	0	0	0	0	0	0	0	0	0	0	0	0	0	0	6	0	124	0	0
Zotu40_P1_D05_13SHC4C1_S505_N703	147	0	0	0	0	0	0	0	199	0	0	0	0	2	0	0	0	0	0	0	0	0	0	2	0	0	0	0	0	0	0	0	0
Zotu40_P1_F08_41TDIST2_S503_N705	0	0	0	0	0	0	0	0	0	0	0	0	0	178	0	0	0	0	0	0	0	0	0	0	0	198	0	0	6	0	0	0	0
Zotu41_P1_B07_1SHC5C2P_S504_N704	0	0	18	0	0	0	0	0	0	0	0	0	8	0	0	0	0	0	0	0	0	0	0	0	0	0	0	0	0	0	0	0	0
Zotu41_P1_C03_29TRE808_S504_N702	112	1	2	0	74	0	0	1	1	0	0	0	1	4	0	0	0	0	0	0	0	0	0	1	0	0	155	0	0	0	0	0	0
Zotu41_P1_D05_13SHC4C1_S505_N703	87	0	34	0	4	0	1	0	183	0	0	0	0	18	0	0	1	0	0	0	0	0	0	11	0	2	6	0	0	0	0	0	0
Zotu41_P1_E02_21MMC3_S517_N701	0	0	0	0	0	0	0	0	0	0	104	0	0	0	0	0	0	0	0	0	0	0	2	0	150	0	0	0	0	0	0	0	0
Zotu41_P2_A05_55TRE137b_S506_N709	0	0	0	0	0	0	0	0	0	0	0	5	0	0	0	0	0	0	15	0	0	0	0	0	0	0	0	0	0	0	0	0	0
Zotu42_P1_A01_32TCONS2_S502_N701	215	0	0	0	0	0	0	0	0	0	0	0	0	206	0	0	0	0	0	0	0	0	1	128	0	0	0	0	0	0	0	0	0
Zotu42_P1_D10_4SHC5C2R_S502_N706	0	0	0	0	0	0	0	0	0	81	0	0	0	0	0	0	0	0	0	0	0	0	0	0	0	0	0	0	0	0	0	0	0
Zotu42_P1_E03_55TRE137_S505_N702	0	0	0	0	0	0	0	0	0	0	0	121	0	0	0	0	0	0	171	0	0	0	0	0	0	0	0	0	0	0	0	0	0
Zotu43_P1_B07_1SHC5C2P_S504_N704	0	0	16	0	0	0	0	0	0	0	0	0	12	0	0	0	0	0	0	0	0	0	0	0	0	0	0	0	0	0	0	0	0
Zotu43_P1_C07_6IZPOC1J_S505_N704	0	0	0	0	0	7	0	0	0	0	0	0	0	0	0	0	0	0	0	0	0	0	0	0	0	0	0	0	0	0	0	0	0
Zotu43_P1_E03_55TRE137_S505_N702	0	0	0	0	0	0	0	0	1	0	0	121	0	0	0	0	0	0	145	0	0	0	0	0	0	0	0	0	0	0	0	0	0
Zotu43_P1_G01_8IZTPOCR_S505_N701	0	0	0	0	0	0	0	0	0	0	0	0	0	0	51	0	0	0	0	0	0	0	0	0	0	0	0	0	0	0	0	0	0
Zotu44_P1_A01_32TCONS2_S502_N701	183	0	0	0	0	0	0	0	0	0	0	0	0	0	0	176	0	0	0	0	0	0	0	0	0	0	0	0	0	0	0	0	0
Zotu44_P1_F08_41TDIST2_S503_N705	0	0	0	0	0	0	0	0	0	0	0	0	0	160	0	0	0	0	0	0	0	0	0	97	0	0	0	0	0	0	0	0	0
Zotu44_P1_G01_8IZTPOCR_S505_N701	0	0	0	0	0	0	0	0	0	0	0	0	0	0	51	0	0	0	0	0	0	0	0	0	0	0	0	0	0	0	0	0	0
Zotu45_P1_C03_29TRE808_S504_N702	0	0	0	0	61	0	0	0	0	0	0	0	0	0	0	0	0	0	0	0	0	0	0	0	0	0	157	0	0	0	0	0	0
Zotu45_P1_F08_41TDIST2_S503_N705	0	0	0	0	0	0	0	0	0	0	0	0	0	156	0	0	0	0	0	0	0	0	0	0	0	194	0	0	0	0	0	0	0
Zotu45_P1_H04_19MMC1_S503_N703	0	0	0	1	0	0	0	0	0	0	5	0	0	0	0	171	0	0	0	0	0	0	3	0	0	0	0	0	0	0	0	0	25
Zotu46_P1_A01_32TCONS2_S502_N701	158	0	0	0	0	0	0	0	0	0	0	0	0	0	0	0	0	0	0	0	0	0	0	0	0	0	0	0	0	0	0	0	0
Zotu46_P1_F07_5IZPOC1P_S507_N704	0	0	0	0	0	0	0	0	0	0	0	0	7	0	0	0	0	0	0	0	0	0	0	0	0	0	0	0	0	0	0	0	0
Zotu46_P1_G01_8IZTPOCR_S505_N701	0	0	0	0	0	0	0	0	0	0	0	0	0	0	50	0	0	0	0	0	0	0	0	0	0	0	0	0	0	0	0	0	0
Zotu47_P1_A01_32TCONS2_S502_N701	157	1	22	0	0	0	0	0	0	0	0	0	26	0	0	3	0	0	0	0	0	0	0	0	0	0	1	0	3	0	0	0	0
Zotu47_P1_B07_1SHC5C2P_S504_N704	0	0	12	0	0	0	0	0	0	0	0	0	0	0	0	0	0	0	0	0	0	0	0	0	0	0	0	0	0	0	0	0	0
Zotu47_P1_B09_9MMC3P_S505_N705	0	0	0	17	0	0	0	0	0	0	0	0	0	0	0	10	0	0	0	0	0	0	0	0	0	0	0	0	0	0	0	0	0
Zotu47_P1_C03_29TRE808_S504_N702	0	0	0	0	58	0	0	0	1	0	0	0	0	1	0	0	0	0	0	0	0	0	0	0	0	0	146	0	3	0	0	0	0
Zotu47_P1_D05_13SHC4C1_S505_N703	0	0	0	0	0	0	0	0	141	0	0	0	0	2	0	0	0	0	0	0	0	0	0	1	0	0	0	0	0	0	0	0	0
Zotu47_P1_G01_8IZTPOCR_S505_N701	0	0	0	0	0	0	0	0	0	0	0	0	0	0	50	0	0	0	0	0	0	0	0	0	0	0	0	0	0	0	0	0	0
Zotu48_P1_A01_32TCONS2_S502_N701	154	0	0	0	0	0	0	0	0	0	0	0	0	0	0	0	0	0	0	0	0	0	0	0	0	0	0	0	0	0	0	0	0
Zotu48_P1_C03_29TRE808_S504_N702	0	0	0	0	53	0	0	0	0	0	0	0	0	0	0	0	0	0	0	0	0	0	0	0	0	0	114	0	0	0	0	0	0
Zotu48_P1_C07_6IZPOC1J_S505_N704	0	0	0	0	0	4	0	1	27	0	0	0	0	0	433	0	0	0	0	0	0	0	0	0	0	0	0	0	0	0	10	0	0
Zotu48_P1_D10_4SHC5C2R_S502_N706	0	0	0	0	0	0	0	0	0	27	0	0	0	0	0	0	0	0	0	0	0	61	0	0	0	0	0	0	0	0	0	0	0
Zotu49_P1_A01_32TCONS2_S502_N701	153	0	0	0	0	0	0	0	0	0	0	0	0	0	0	0	1	0	0	0	0	0	0	0	0	0	0	0	0	0	0	0	0
Zotu49_P1_B07_1SHC5C2P_S504_N704	0	0	11	1	0	0	0	0	0	0	0	0	11	0	29	0	1	0	0	0	0	0	0	0	0	0	0	0	0	0	0	0	0
Zotu49_P1_C07_6IZPOC1J_S505_N704	0	0	0	0	0	4	0	0	0	0	0	0	0	0	0	0	0	0	0	0	0	0	0	0	0	0	0	0	0	0	0	0	0
Zotu49_P1_D10_4SHC5C2R_S502_N706	0	0	0	0	0	0	0	0	0	22	0	0	0	0	0	0	0	0	0	0	0	0	0	0	0	0	0	0	0	0	0	0	0
Zotu49_P1_E02_21MMC3_S517_N701	0	0	0	0	0	0	0	0	0	0	86	0	0	0	0	0	0	0	0	0	0	0	0	0	91	0	0	0	0	0	0	0	0
Zotu49_P1_H04_19MMC1_S503_N703	0	0	0	0	0	0	0	0	0	0	0	0	0	0	0	128	0	0	0	0	0	0	0	0	0	0	0	0	0	0	0	0	22
Zotu4_P1_B09_9MMC3P_S505_N705	0	0	0	1116	0	0	0	0	0	0	211	0	0	0	0	0	0	0	0	0	0	3459	184	0	146	0	0	0	0	0	0	0	0
Zotu4_P1_D10_4SHC5C2R_S502_N706	0	0	0	0	0	0	0	0	0	2197	0	0	86	0	0	0	1	1	0	0	0	0	0	0	0	0	0	0	0	0	0	0	0
Zotu4_P1_F07_5IZPOC1P_S507_N704	0	0	0	0	0	0	0	0	0	0	0	0	116	0	78	0	7	0	0	5	0	0	0	0	0	0	0	0	2	0	0	0	0
Zotu4_P1_F08_41TDIST2_S503_N705	0	0	1	0	1	0	0	0	2	0	0	0	0	1877	0	1	0	0	0	0	0	0	0	0	0	2241	6	0	0	1	0	0	0
Zotu50_P1_A01_32TCONS2_S502_N701	135	3	0	0	0	0	0	0	0	0	0	0	0	58	0	0	0	0	0	0	0	0	1	1	0	113	0	0	9	0	0	0	0
Zotu50_P1_B09_9MMC3P_S505_N705	0	0	0	14	0	0	0	0	0	0	0	0	0	0	0	0	0	0	0	0	0	14	0	0	0	0	0	0	0	0	0	0	0
Zotu50_P1_C11_7IZPOC1W_S506_N706	0	0	0	0	0	0	6	0	0	0	0	0	0	0	0	0	0	0	0	0	0	0	0	0	0	0	0	0	0	0	0	0	0
Zotu50_P1_D05_13SHC4C1_S505_N703	0	1	2	0	1	0	0	0	134	0	0	0	0	2	0	0	0	0	0	0	0	0	0	1	0	1	0	0	0	0	0	0	0
Zotu50_P1_D10_4SHC5C2R_S502_N706	0	0	0	0	0	0	0	0	0	16	0	0	0	0	0	0	0	0	0	0	0	0	0	0	0	0	0	0	0	0	0	0	0
Zotu50_P1_E03_55TRE137_S505_N702	0	0	0	0	0	0	0	0	0	0	0	58	0	0	0	0	0	0	0	0	0	0	0	0	0	0	0	0	0	0	0	61	0
Zotu50_P1_G01_8IZTPOCR_S505_N701	0	0	0	0	0	0	0	0	0	0	0	0	0	0	47	0	0	0	0	0	0	0	0	0	0	0	0	0	0	0	0	0	0
Zotu50_P2_D03_12MMOC3R_S504_N708	0	0	0	0	0	0	0	0	0	3	0	0	0	0	0	0	0	0	0	0	0	180	0	0	0	0	0	0	0	0	0	0	0
Zotu51_P1_B09_9MMC3P_S505_N705	0	0	0	14	0	0	0	0	0	1	0	0	53	0	55	0	0	0	0	0	0	0	0	0	0	0	0	0	0	0	0	0	0
Zotu51_P1_D10_4SHC5C2R_S502_N706	0	0	0	0	0	0	0	0	0	15	0	0	0	0	0	0	0	0	0	0	0	0	0	0	0	0	0	0	0	0	0	0	0
Zotu51_P1_E02_21MMC3_S517_N701	0	0	0	0	0	0	0	0	0	0	83	0	0	0	0	0	0	0	0	0	0	0	151	0	0	0	0	0	0	0	0	0	0
Zotu51_P1_F08_41TDIST2_S503_N705	0	0	0	0	0	0	0	0	0	0	0	0	0	111	0	0	0	0	0	0	0	0	0	0	0	102	0	0	0	0	0	0	0
Zotu51_P2_D03_12MMOC3R_S504_N708	0	0	0	0	0	0	0	0	3	0	0	0	0	0	0	0	0	0	0	0	0	174	0	0	0	0	0	0	0	0	0	0	0
Zotu52_P1_A01_32TCONS2_S502_N701	131	0	0	0	0	0	0	0	0	0	0	0	0	0	0	159	0	0	0	0	0	0	0	0	0	0	0	0	0	0	0	0	0
Zotu52_P1_B07_1SHC5C2P_S504_N704	0	0	10	0	0	0	0	0	0	0	0	0	6	0	0	0	0	0	0	0	0	0	0	0	0	0	0	0	5	0	0	0	0
Zotu52_P1_C03_29TRE808_S504_N702	0	0	0	0	47	0	0	0	0	0	0	0	0	0	0	0	0	0	0	0	0	0	0	0	0	0	79	0	0	0	0	0	0
Zotu52_P1_F08_41TDIST2_S503_N705	0	0	0	0	0	0	0	0	1	0	0	0	0	109	0	0	0	0	0	0	0	0	0	83	0	0	0	0	0	0	0	0	0
Zotu52_P2_D03_12MMOC3R_S504_N708	0	0	0	0	0	0	0	0	0	0	0	0	0	0	0	0	0	0	0	0	0	163	0	0	0	0	0	0	0	0	0	0	0
Zotu53_P1_A01_32TCONS2_S502_N701	131	0	0	0	0	0	0	0	1	0	0	0	0	0	0	0	0	0	0	0	0	0	0	0	0	0	0	0	1	0	0	0	0
Zotu53_P1_D05_13SHC4C1_S505_N703	0	0	0	0	0	0	0	0	132	0	0	0	0	0	0	0	0	0	0	0	0	0	0	0	0	0	0	0	0	0	46	0	0
Zotu53_P1_D10_4SHC5C2R_S502_N706	0	0	0	0	0	0	0	0	0	11	0	0	0	0	0	0	0	0	0	0	0	15	0	0	0	0	0	0	0	0	0	0	0
Zotu53_P1_E03_55TRE137_S505_N702	0	0	0	0	0	0	0	0	0	0	0	32	0	0	0	0	0	0	45	0	0	0	0	0	0	0	0	0	1	0	0	0	0
Zotu53_P1_H04_19MMC1_S503_N703	0	0	0	0	0	0	0	0	0	0	0	0	0	0	0	88	0	0	0	0	0	0	0	0	0	0	0	0	0	0	0	0	26
Zotu54_P1_A01_32TCONS2_S502_N701	125	1	0	0	0	0	0	0	0	0	0	0	0	1	0	1	0	0	0	0	0	0	0	0	0	0	0	0	0	0	0	0	0
Zotu54_P1_B07_1SHC5C2P_S504_N704	0	0	9	0	1	0	0	0	1	2	0	0	12	0	6	0	4	0	0	3	0	0	0	0	0	0	0	0	0	0	0	0	0
Zotu54_P1_G01_8IZTPOCR_S505_N701	0	0	0	0	2	0	0	0	0	0	0	0	0	0	41	0	0	0	0	0	0	0	0	0	0	0	2	0	0	0	0	0	0
Zotu55_P1_A01_32TCONS2_S502_N701	124	0	151	0	0	0	0	0	0	0	0	0	24	0	0	0	0	0	0	0	0	0	0	0	0	0	0	0	3	0	0	0	0
Zotu55_P1_B09_9MMC3P_S505_N705	0	0	0	13	0	0	0	0	0	0	0	0	0	0	0	0	0	0	0	0	0	0	0	0	0	0	0	0	0	0	0	0	0
Zotu55_P1_C11_7IZPOC1W_S506_N706	0	0	0	0	0	0	5	0	0	0	0	0	0	0	0	0	0	0	0	0	0	0	0	0	0	0	0	0	0	0	0	0	0
Zotu55_P1_E02_21MMC3_S517_N701	0	0	0	0	0	0	0	0	0	0	62	0	0	0	0	0	0	0	0	0	0	0	0	0	71	0	0	0	0	0	0	0	0
Zotu56_P1_C03_29TRE808_S504_N702	0	0	1	0	43	0	0	0	9	0	0	0	0	0	0	0	0	0	0	0	0	0	0	0	0	0	0	0	0	40	2	0	0
Zotu56_P2_D03_12MMOC3R_S504_N708	0	0	0	0	0	0	0	0	0	0	0	0	0	0	0	0	0	0	0	0	0	142	0	0	0	0	0	0	0	0	0	0	0
Zotu57_P1_A01_32TCONS2_S502_N701	118	0	1	0	0	0	0	0	71	0	0	0	0	900	0	1	1	0	0	0	0	0	1	343	0	479	0	1	0	0	0	0	0
Zotu57_P1_B07_1SHC5C2P_S504_N704	0	0	8	0	0	0	0	0	5	0	0	0	4	0	0	0	0	0	0	0	0	0	0	0	0	0	0	0	0	0	1	0	0
Zotu57_P1_D05_13SHC4C1_S505_N703	1	0	0	0	0	0	0	0	118	0	0	0	0	0	0	0	0	0	0	0	0	0	0	0	0	0	0	0	0	0	0	0	0
Zotu58_P1_A01_32TCONS2_S502_N701	108	0	0	0	0	0	0	0	0	0	0	0	0	0	0	0	0	0	0	0	0	0	0	0	0	0	0	0	0	0	0	0	0
Zotu58_P1_B07_1SHC5C2P_S504_N704	0	0	8	0	0	0	0	0	0	0	0	0	3	0	0	0	0	0	0	0	0	0	0	0	0	0	0	0	0	0	0	0	0
Zotu58_P1_B09_9MMC3P_S505_N705	0	0	0	12	0	0	0	0	0	0	0	0	0	0	0	0	0	0	0	0	0	0	0	0	0	0	0	0	0	0	0	0	0
Zotu58_P1_C03_29TRE808_S504_N702	0	0	0	0	35	0	0	0	0	0	0	0	0	4	2	0	21	0	0	9	0	0	0	0	0	9	87	0	1	0	0	0	0
Zotu58_P1_C11_7IZPOC1W_S506_N706	0	0	0	0	0	0	5	0	0	0	0	0	0	0	0	0	0	0	0	0	0	0	0	0	0	0	0	0	0	0	0	0	0
Zotu58_P1_D10_4SHC5C2R_S502_N706	0	0	0	0	0	0	0	0	0	4	0	0	0	0	0	0	0	0	0	0	0	0	0	0	0	0	0	0	0	0	0	0	0
Zotu58_P1_G01_8IZTPOCR_S505_N701	0	0	0	0	0	0	0	0	0	0	0	0	0	0	36	0	0	0	0	0	0	0	0	0	0	0	0	0	0	0	0	0	0
Zotu59_P1_A01_32TCONS2_S502_N701	105	0	0	0	0	0	0	0	0	0	0	0	0	0	0	152	0	0	0	0	0	0	0	0	0	0	0	0	0	0	0	0	0
Zotu59_P1_B07_1SHC5C2P_S504_N704	0	0	8	0	0	0	0	0	0	0	0	0	0	0	0	0	0	0	0	0	0	0	0	0	0	0	0	0	0	0	0	0	0
Zotu59_P1_C03_29TRE808_S504_N702	1	0	0	0	33	0	0	0	2	0	0	0	0	84	0	1	0	0	0	0	0	0	0	0	0	84	0	0	8	23	1	0	0
Zotu59_P1_D10_4SHC5C2R_S502_N706	0	0	0	0	0	0	0	0	0	4	0	0	0	0	0	0	0	0	0	0	0	0	0	0	0	0	0	0	0	0	0	0	0
Zotu59_P1_F07_5IZPOC1P_S507_N704	0	0	0	0	0	0	0	0	0	0	0	0	5	0	0	0	0	0	0	0	0	0	0	0	0	0	0	0	0	0	0	0	0
Zotu59_P2_D03_12MMOC3R_S504_N708	0	0	0	0	0	0	0	0	0	0	0	0	0	0	0	0	0	0	0	0	0	139	0	0	0	0	0	0	0	0	0	0	0
Zotu59_P2_E04_21MMC3b_S502_N709	0	0	0	0	0	0	0	0	0	0	45	0	0	0	0	0	0	0	0	0	0	0	0	0	47	0	0	0	0	0	0	0	0
Zotu5_P1_D10_4SHC5C2R_S502_N706	0	0	0	0	0	0	0	0	0	1811	0	0	1	0	0	0	0	0	0	0	0	0	0	0	0	0	0	0	1	0	0	0	0
Zotu5_P1_E03_55TRE137_S505_N702	0	0	0	1	0	1	0	0	1	0	0	1404	0	5	0	1	0	0	0	1	0	0	0	0	0	3	0	0	0	0	0	1691	0
Zotu5_P2_A01_16IZPOC1_S502_N707	0	0	0	0	0	0	0	0	0	0	0	0	0	0	0	0	1769	0	0	217	1135	0	0	0	0	0	0	0	0	0	0	0	0
Zotu5_P2_D03_12MMOC3R_S504_N708	0	0	0	0	0	0	0	0	0	0	0	0	0	0	0	0	0	0	0	0	0	2310	0	0	0	0	0	0	0	0	0	0	0
Zotu60_P1_A01_32TCONS2_S502_N701	94	0	0	0	0	0	0	0	0	0	0	0	0	0	0	0	0	0	0	0	0	0	0	0	0	0	0	0	0	0	0	0	0
Zotu60_P1_C03_29TRE808_S504_N702	0	0	0	0	33	0	0	0	0	0	0	0	0	0	0	0	0	0	0	0	0	0	0	0	0	0	63	0	0	0	0	0	0
Zotu60_P1_D05_13SHC4C1_S505_N703	1	0	0	0	0	0	0	0	107	0	0	0	0	5	0	0	0	0	0	0	0	0	0	4	0	0	0	0	0	0	0	0	0
Zotu60_P2_D03_12MMOC3R_S504_N708	0	0	0	0	0	0	0	0	0	0	0	0	0	0	0	0	0	0	0	0	0	136	0	0	0	0	0	0	0	0	0	0	0
Zotu62_P1_A01_32TCONS2_S502_N701	87	0	0	0	0	0	0	0	0	0	0	0	0	354	0	0	0	0	0	0	0	0	0	219	0	0	0	0	0	0	0	0	0
Zotu62_P1_C03_29TRE808_S504_N702	3	1	1	0	30	0	0	0	0	0	0	0	4	0	0	0	0	0	0	0	0	0	0	0	0	0	81	0	0	0	0	0	0
Zotu62_P1_F07_5IZPOC1P_S507_N704	0	0	0	0	0	0	0	0	0	0	0	0	4	0	11	0	0	0	0	0	0	0	0	0	0	0	0	0	0	0	0	0	0
Zotu63_P1_B09_9MMC3P_S505_N705	0	0	0	11	0	0	0	0	0	0	0	0	0	0	0	0	0	0	0	0	0	0	0	0	0	0	0	0	0	0	0	0	0
Zotu63_P1_C03_29TRE808_S504_N702	0	1	0	0	30	0	0	0	0	0	0	0	0	0	0	0	0	0	0	0	0	0	0	0	0	0	0	0	0	15	0	0	0
Zotu63_P1_D05_13SHC4C1_S505_N703	0	0	0	0	0	0	0	0	102	0	0	0	0	0	0	0	0	0	0	0	0	0	0	0	0	0	0	0	0	0	44	0	0
Zotu64_P1_B07_1SHC5C2P_S504_N704	0	2	6	0	0	0	0	0	0	0	0	0	0	0	0	0	0	0	0	0	0	0	1	0	0	1	0	0	0	0	0	0	0
Zotu64_P1_C03_29TRE808_S504_N702	0	0	0	0	29	0	0	0	0	0	0	0	0	0	0	0	0	0	0	0	0	0	0	0	0	0	56	0	1	0	0	0	0
Zotu64_P1_E02_21MMC3_S517_N701	0	0	0	0	0	0	0	0	0	0	50	0	0	0	0	0	0	0	0	0	0	0	0	0	74	0	0	0	0	0	0	0	0
Zotu64_P1_E03_55TRE137_S505_N702	1	0	0	0	0	0	0	0	0	0	0	7	0	0	0	0	0	0	0	0	0	0	0	0	0	0	0	0	0	0	0	4	0
Zotu65_P1_B07_1SHC5C2P_S504_N704	0	0	6	0	0	0	0	0	0	0	0	0	0	0	0	0	0	0	0	0	0	0	0	0	0	0	0	0	0	0	0	0	0
Zotu65_P1_B09_9MMC3P_S505_N705	0	0	0	10	8	0	0	0	159	458	0	283	0	61	0	0	14	0	423	10	0	0	0	0	0	95	0	0	1	8	49	0	0
Zotu65_P1_D05_13SHC4C1_S505_N703	0	0	0	0	0	0	0	0	97	0	0	0	0	0	0	0	0	0	0	0	0	0	0	0	0	0	0	0	0	0	39	0	0
Zotu65_P1_E02_21MMC3_S517_N701	0	0	0	0	0	0	0	0	0	0	48	0	0	0	0	2	0	0	0	0	0	0	62	2	0	0	0	0	0	0	0	0	0
Zotu65_P1_E03_55TRE137_S505_N702	0	0	0	0	0	0	0	0	0	0	0	7	0	0	0	3	0	0	0	0	0	0	0	0	0	0	0	0	0	0	0	6	0
Zotu65_P2_A01_16IZPOC1_S502_N707	0	0	0	0	0	0	0	0	0	0	0	0	0	0	0	0	35	0	0	0	18	0	0	0	0	0	0	0	0	0	0	0	0
Zotu65_P2_D03_12MMOC3R_S504_N708	0	0	0	0	0	0	0	0	0	1	0	0	0	0	0	0	0	0	0	0	0	103	0	0	0	0	0	0	0	0	0	0	0
Zotu66_P1_A01_32TCONS2_S502_N701	80	0	0	0	0	0	0	0	0	0	0	0	0	0	0	0	0	0	0	0	0	0	0	0	0	0	0	0	0	0	0	0	0
Zotu66_P1_B07_1SHC5C2P_S504_N704	0	0	5	3	0	0	0	0	0	0	0	0	2	0	0	0	0	0	0	0	0	0	0	0	0	0	0	0	0	0	0	0	0
Zotu66_P1_B09_9MMC3P_S505_N705	0	0	0	10	0	0	0	0	138	0	178	0	0	0	0	0	0	1	0	0	0	0	0	0	228	0	0	0	0	0	58	0	0
Zotu66_P2_D03_12MMOC3R_S504_N708	0	0	0	0	0	0	0	0	0	1	0	0	0	0	0	0	0	0	0	0	0	98	0	0	0	0	0	0	0	0	0	0	0
Zotu67_P1_A04_10MMOC3J_S507_N702	0	5	15	0	0	0	0	1	0	0	0	0	0	12	0	0	0	0	0	0	0	0	0	12	2	0	0	0	0	0	0	0	0
Zotu67_P1_E02_21MMC3_S517_N701	0	0	0	0	0	0	0	0	0	0	45	0	0	0	0	2	0	0	0	0	0	0	93	0	0	0	0	0	0	0	0	0	0
Zotu67_P1_F07_5IZPOC1P_S507_N704	0	0	0	0	0	0	0	0	0	0	0	0	4	0	0	0	0	0	0	0	0	0	0	0	0	0	0	0	0	0	0	0	0
Zotu67_P2_D03_12MMOC3R_S504_N708	0	0	0	0	0	0	0	0	0	0	0	0	0	0	0	0	0	0	0	0	0	97	0	0	0	0	0	0	0	0	0	0	0
Zotu68_P1_A01_32TCONS2_S502_N701	77	0	0	0	0	0	0	0	0	0	0	0	0	54	0	4	0	0	0	0	0	0	0	0	0	68	0	0	10	0	0	0	0
Zotu68_P1_E03_55TRE137_S505_N702	0	0	0	0	0	0	0	0	0	0	0	6	0	0	0	0	0	0	6	0	0	0	0	0	0	0	0	0	0	0	0	0	0
Zotu68_P1_F07_5IZPOC1P_S507_N704	0	0	0	0	0	0	0	0	0	0	0	0	4	0	0	0	0	0	0	0	0	0	0	0	0	0	0	0	0	0	0	0	0
Zotu68_P1_H04_19MMC1_S503_N703	52	3	1	0	1	2	0	0	1	0	0	0	0	0	2	30	1	0	0	0	0	0	0	0	0	0	1	1	33	0	0	0	0
Zotu68_P2_D03_12MMOC3R_S504_N708	0	0	0	0	0	0	0	0	0	0	0	0	0	0	0	0	0	0	0	0	0	92	0	0	0	0	0	0	0	0	0	0	0
Zotu68_P2_G03_2SHCN5C2J_S506_N708	0	3	0	0	0	0	0	0	0	0	2	0	0	1	0	1	0	0	0	0	0	0	0	0	0	0	0	0	22	0	0	0	0
Zotu69_P1_B07_1SHC5C2P_S504_N704	0	0	4	0	0	0	0	0	0	0	0	0	0	0	0	0	0	0	0	0	0	0	0	0	0	0	0	0	0	0	0	0	0
Zotu69_P1_C03_29TRE808_S504_N702	0	0	0	0	27	0	0	0	0	0	0	0	0	1	0	0	0	0	0	0	0	0	0	0	0	0	77	0	0	0	0	0	0
Zotu69_P1_F07_5IZPOC1P_S507_N704	0	0	2	0	0	0	0	0	0	0	0	0	4	0	0	0	0	0	0	0	0	0	0	0	0	0	0	0	0	0	0	0	0
Zotu69_P2_D03_12MMOC3R_S504_N708	0	0	0	0	0	0	0	0	0	0	0	0	0	0	0	0	0	0	0	0	0	91	0	0	0	0	0	0	0	0	0	0	0
Zotu69_P2_D04_21MMC3a_S517_N708	0	0	1	0	0	0	0	0	0	0	1	0	0	0	0	0	0	0	0	0	0	0	5	0	0	0	0	0	0	0	0	0	0
Zotu6_P1_A01_32TCONS2_S502_N701	1995	6	141	0	356	1	2	2	533	3	2	1	2	3310	1	16	2	1	1	0	2	1	3	1843	0	605	838	0	20	0	0	0	0
Zotu6_P1_D10_4SHC5C2R_S502_N706	0	0	2	0	0	0	0	0	0	1449	0	0	0	0	0	0	0	0	0	0	0	186	0	0	0	0	0	0	9	0	0	0	0
Zotu6_P1_F08_41TDIST2_S503_N705	0	0	18	0	0	0	0	0	619	0	0	0	4	1163	0	0	0	0	0	0	0	0	0	1	0	1360	0	0	0	0	176	0	0
Zotu70_P1_A01_32TCONS2_S502_N701	72	0	0	0	0	0	0	0	0	0	0	0	0	0	0	0	0	0	0	0	0	0	0	0	0	0	0	0	0	0	0	0	0
Zotu70_P1_B07_1SHC5C2P_S504_N704	0	0	4	0	0	0	0	0	0	0	0	0	0	0	0	0	0	0	0	0	0	0	0	0	0	0	0	0	0	0	0	0	0
Zotu71_P1_B07_1SHC5C2P_S504_N704	0	0	4	0	0	0	0	0	0	0	0	0	5	0	0	0	0	0	0	0	0	0	0	0	0	0	0	0	0	0	0	0	0
Zotu71_P1_F08_41TDIST2_S503_N705	0	0	0	0	0	0	0	0	0	0	0	0	0	64	0	0	0	0	0	0	0	0	0	0	0	70	0	0	0	0	0	0	0
Zotu72_P1_A01_32TCONS2_S502_N701	67	0	0	0	0	0	0	0	0	0	0	0	0	0	0	0	0	0	0	0	0	0	0	0	0	0	0	0	0	0	0	0	0
Zotu72_P1_A04_10MMOC3J_S507_N702	0	4	1	0	0	0	0	0	0	0	0	0	0	0	0	0	0	0	0	0	0	0	0	0	0	0	0	0	2	0	0	0	0
Zotu72_P1_E03_55TRE137_S505_N702	1	0	0	0	0	0	0	0	0	0	0	5	0	0	0	0	0	0	0	0	0	0	0	0	0	0	0	0	0	0	0	2	0
Zotu73_P1_B09_9MMC3P_S505_N705	0	0	0	8	0	0	0	0	0	0	0	0	0	0	0	0	0	0	0	0	0	27	0	0	0	0	0	0	0	0	0	0	0
Zotu74_P1_B07_1SHC5C2P_S504_N704	0	0	4	0	0	0	0	0	917	0	0	0	2	0	0	0	0	0	0	0	0	0	0	0	0	0	0	0	0	0	287	0	0
Zotu74_P1_C03_29TRE808_S504_N702	0	0	0	0	23	0	0	0	0	0	0	0	0	0	0	0	0	0	0	0	0	0	0	0	0	0	0	0	0	14	0	0	0
Zotu75_P1_B07_1SHC5C2P_S504_N704	0	0	4	0	0	0	0	0	0	0	0	0	0	0	0	0	0	0	0	0	0	0	0	0	0	0	0	0	0	0	0	0	0
Zotu75_P1_B09_9MMC3P_S505_N705	0	0	0	8	0	0	0	0	0	0	0	0	0	0	0	0	0	0	0	0	0	40	0	0	0	0	0	0	0	0	0	0	0
Zotu75_P2_F04_29TRE808a_S503_N709	0	0	0	0	3	0	0	0	0	0	0	0	0	1	0	1	0	0	0	0	0	0	0	0	0	0	12	0	0	0	0	1	0
Zotu75_P2_G03_2SHCN5C2J_S506_N708	0	0	0	0	0	0	0	0	0	0	0	0	0	0	0	0	0	0	0	0	0	0	0	0	0	0	0	0	20	0	0	0	0
Zotu76_P1_B07_1SHC5C2P_S504_N704	0	0	4	0	0	0	0	0	0	0	0	0	0	0	0	0	0	0	0	0	0	0	0	0	0	0	0	0	0	0	0	0	0
Zotu76_P1_D05_13SHC4C1_S505_N703	0	0	0	0	0	0	0	0	76	0	0	1	0	0	0	0	0	0	0	0	0	0	0	0	0	0	0	0	0	0	0	0	0
Zotu76_P2_D03_12MMOC3R_S504_N708	0	0	0	0	0	0	0	0	0	0	0	0	0	0	0	0	0	0	0	0	0	83	0	0	0	0	0	0	0	0	0	0	0
Zotu77_P1_B09_9MMC3P_S505_N705	0	0	0	8	0	0	0	0	0	0	0	0	0	0	0	0	0	0	0	0	0	0	0	0	0	0	0	0	0	0	0	0	0
Zotu77_P1_C03_29TRE808_S504_N702	0	0	0	0	21	0	0	0	0	0	0	0	0	4	0	0	0	0	0	0	0	0	0	0	0	3	59	0	0	0	0	0	0
Zotu79_P1_A01_32TCONS2_S502_N701	49	0	0	0	0	0	0	0	1	0	0	0	0	699	0	0	0	0	1	0	0	0	0	377	1	103	1	0	1	0	0	0	0
Zotu7_P1_B07_1SHC5C2P_S504_N704	0	0	282	0	0	0	0	0	269	0	0	0	1	0	0	0	0	0	0	0	0	0	0	0	0	0	0	0	0	0	0	0	0
Zotu7_P1_B09_9MMC3P_S505_N705	1	0	0	657	0	0	0	0	0	0	400	0	0	0	0	0	0	0	0	0	0	436	306	0	270	0	0	0	0	0	0	0	0
Zotu7_P1_D10_4SHC5C2R_S502_N706	0	0	0	0	0	0	0	0	0	1322	0	0	0	0	0	0	0	1	0	0	0	1	0	0	0	0	0	0	10	0	0	0	0
Zotu7_P1_E02_21MMC3_S517_N701	0	0	0	1	0	0	0	0	0	0	533	0	0	0	0	0	0	0	0	0	0	0	65	0	571	1	0	0	0	0	0	0	0
Zotu7_P1_F08_41TDIST2_S503_N705	0	0	0	0	0	0	0	0	0	0	0	0	0	950	0	0	0	0	0	0	0	0	0	0	0	1199	0	0	0	0	0	0	0
Zotu7_P2_C05_16IZPOC1b_S508_N709	0	0	0	0	0	0	0	0	0	0	0	0	0	0	0	0	708	0	0	24	557	0	0	0	0	0	0	0	0	0	0	0	0
Zotu80_P1_A01_32TCONS2_S502_N701	48	0	0	0	0	0	0	0	0	0	0	0	0	0	0	0	0	0	0	0	0	0	0	0	0	0	0	0	0	0	0	0	0
Zotu80_P1_B09_9MMC3P_S505_N705	0	0	0	7	0	0	0	0	0	0	52	0	0	0	0	0	0	0	0	0	0	0	0	0	69	0	0	0	0	0	0	0	0
Zotu80_P1_E02_21MMC3_S517_N701	0	0	0	0	0	0	0	0	0	0	33	0	0	0	0	0	0	0	0	0	0	0	0	0	44	0	0	0	0	0	0	0	0
Zotu81_P1_B09_9MMC3P_S505_N705	0	0	0	7	0	0	0	0	0	0	0	0	0	0	0	0	0	0	0	0	0	53	0	0	0	0	0	0	0	0	0	0	0
Zotu81_P1_C03_29TRE808_S504_N702	0	0	0	0	19	0	0	0	0	0	0	0	0	0	0	0	0	0	0	0	0	0	0	0	0	0	0	0	0	12	0	0	0
Zotu81_P1_D05_13SHC4C1_S505_N703	0	0	0	0	0	0	1	0	67	0	0	0	0	70	0	0	0	0	0	0	0	0	0	59	0	0	0	0	0	0	9	0	0
Zotu82_P1_B09_9MMC3P_S505_N705	0	0	0	7	0	0	0	0	0	0	0	0	1	0	0	0	0	0	0	0	0	25	0	0	0	0	0	0	0	0	0	0	0
Zotu82_P1_G01_8IZTPOCR_S505_N701	0	0	0	0	0	0	0	0	0	0	0	0	0	0	24	0	0	0	0	0	0	0	0	0	0	0	0	0	0	0	0	0	0
Zotu82_P2_G03_2SHCN5C2J_S506_N708	0	0	0	0	0	0	0	0	0	0	0	0	0	0	0	0	0	0	0	0	0	0	0	0	0	0	0	0	17	0	0	0	0
Zotu83_P2_D03_12MMOC3R_S504_N708	0	0	0	0	0	0	0	0	0	0	0	0	0	0	0	0	0	0	0	0	0	73	0	0	0	0	0	0	0	0	0	0	0
Zotu83_P2_F04_29TRE808a_S503_N709	0	0	0	0	3	0	0	0	0	0	0	0	0	0	0	0	0	0	0	0	0	0	0	0	0	0	8	0	0	0	0	0	0
Zotu84_P1_D05_13SHC4C1_S505_N703	0	0	0	0	0	0	0	0	64	0	0	0	0	0	0	0	0	0	0	0	0	0	0	0	0	0	0	0	0	0	17	0	0
Zotu84_P1_E02_21MMC3_S517_N701	0	0	0	0	0	0	0	0	0	0	32	0	0	0	0	0	0	0	0	0	0	0	0	0	41	0	0	0	0	0	0	0	0
Zotu84_P1_F08_41TDIST2_S503_N705	0	0	0	0	0	0	0	0	0	0	0	0	0	45	0	0	0	0	0	0	0	0	0	0	0	37	0	0	0	0	0	0	0
Zotu84_P1_G01_8IZTPOCR_S505_N701	0	0	0	0	0	0	0	0	0	0	0	0	0	0	24	0	0	0	0	0	0	0	0	0	0	0	0	0	0	0	0	0	0
Zotu85_P1_A01_32TCONS2_S502_N701	35	1	0	0	0	0	0	0	0	0	0	0	0	0	0	0	0	0	0	0	0	0	0	0	0	0	0	0	0	0	0	0	0
Zotu85_P1_C03_29TRE808_S504_N702	0	0	0	0	18	0	0	0	0	0	0	0	0	0	0	0	0	0	0	0	0	0	0	0	0	0	25	0	0	0	0	0	0
Zotu85_P2_D03_12MMOC3R_S504_N708	0	0	0	0	0	0	0	0	0	3	0	0	0	0	0	0	0	0	0	0	0	70	0	0	0	0	0	0	0	0	0	0	0
Zotu86_P1_B09_9MMC3P_S505_N705	0	0	0	6	0	0	0	0	0	0	0	0	0	0	0	2	12	0	0	7	0	0	0	0	0	0	0	0	0	0	0	0	0
Zotu86_P1_E02_21MMC3_S517_N701	0	0	0	0	0	0	0	0	0	0	32	0	0	0	0	0	0	0	0	0	0	0	42	0	0	0	0	0	0	0	0	0	0
Zotu86_P2_G05_13SHC4a_S504_N710	0	0	19	0	0	0	0	0	22	0	0	0	2	0	0	0	0	0	0	0	0	0	0	0	0	0	0	0	0	0	11	0	0
Zotu87_P1_A01_32TCONS2_S502_N701	34	0	0	0	0	0	0	0	0	0	0	0	0	0	0	0	0	0	0	0	0	0	0	0	0	0	0	0	0	0	0	0	0
Zotu87_P1_E02_21MMC3_S517_N701	0	0	0	0	0	0	0	0	0	0	31	0	0	0	0	0	0	0	0	0	0	0	0	0	32	0	0	0	0	0	0	0	0
Zotu87_P2_E04_21MMC3b_S502_N709	0	0	0	0	0	0	0	0	0	0	26	0	0	0	0	0	0	0	0	0	0	7	0	0	25	0	0	0	0	0	0	0	0
Zotu88_P1_D05_13SHC4C1_S505_N703	0	1	0	0	0	0	0	0	62	0	0	0	0	0	0	0	0	0	0	0	0	0	0	0	0	0	0	0	0	0	0	0	0
Zotu88_P2_D03_12MMOC3R_S504_N708	0	0	0	0	0	0	0	0	0	0	0	0	0	0	0	0	0	0	0	0	0	67	0	0	0	0	0	0	0	0	0	0	0
Zotu89_P1_B09_9MMC3P_S505_N705	0	0	0	6	0	0	0	0	0	0	11	0	0	0	0	0	0	0	0	0	0	0	0	0	8	0	0	0	0	0	0	0	0
Zotu89_P1_G01_8IZTPOCR_S505_N701	0	0	0	0	0	0	0	0	0	0	0	0	0	0	22	0	0	0	0	0	0	0	0	0	0	0	0	0	0	0	0	0	0
Zotu8_P1_A01_32TCONS2_S502_N701	1600	9	434	1	645	2	0	4	483	0	4	2	1	3084	1	11	30	3	2	37	4	0	1	1558	2	741	1502	1	18	0	0	0	0
Zotu8_P1_B07_1SHC5C2P_S504_N704	0	0	266	86	0	2	0	0	224	0	2	0	54	0	0	0	2	0	1	0	0	4	0	0	1	0	0	0	8	0	80	0	0
Zotu8_P1_B09_9MMC3P_S505_N705	0	2	0	522	0	0	0	0	0	0	54	0	0	0	0	0	0	0	0	0	0	0	1	0	59	0	0	0	0	0	0	0	0
Zotu8_P1_D10_4SHC5C2R_S502_N706	0	0	0	0	0	0	0	0	0	1066	0	0	0	0	0	0	1	0	0	0	0	0	0	0	0	0	0	0	3	0	0	0	0
Zotu8_P1_E03_55TRE137_S505_N702	0	0	0	0	0	0	1	0	0	0	0	1006	0	0	0	0	0	0	1118	0	0	0	0	0	0	0	0	0	0	0	0	0	0
Zotu8_P2_C05_16IZPOC1b_S508_N709	0	0	0	0	0	0	0	1	0	0	0	0	0	0	0	0	600	0	0	1	515	0	0	0	0	0	0	0	0	0	0	0	0
Zotu90_P1_D05_13SHC4C1_S505_N703	0	0	0	0	1	0	0	0	60	0	0	0	0	0	0	0	0	0	0	0	0	0	0	1	0	0	2	0	4	0	0	0	0
Zotu90_P2_D03_12MMOC3R_S504_N708	0	0	0	0	0	0	0	0	0	0	0	0	0	0	0	0	0	0	0	0	0	63	0	0	0	0	0	0	0	0	0	0	0
Zotu92_P1_E02_21MMC3_S517_N701	0	0	0	0	0	0	0	0	0	0	29	0	0	0	0	0	0	0	0	0	0	0	0	0	50	0	0	0	0	0	0	0	0
Zotu92_P2_A01_16IZPOC1_S502_N707	0	0	0	0	0	0	0	0	0	0	0	0	0	0	0	0	22	0	0	15	0	0	0	0	0	0	0	0	0	0	0	0	0
Zotu92_P2_D03_12MMOC3R_S504_N708	0	0	0	0	0	0	0	0	0	0	0	0	0	0	0	0	0	0	0	0	0	59	0	0	0	0	0	0	0	0	0	0	0
Zotu93_P1_E02_21MMC3_S517_N701	0	0	0	0	0	0	0	0	0	0	29	0	0	0	0	0	0	0	0	0	0	0	0	0	32	0	0	0	0	0	0	0	0
Zotu94_P1_D05_13SHC4C1_S505_N703	0	0	0	0	0	0	0	0	58	0	0	0	0	0	0	0	0	0	0	0	0	0	0	0	0	2	0	0	0	0	8	0	0
Zotu94_P1_G01_8IZTPOCR_S505_N701	0	0	0	0	0	0	0	0	0	0	0	0	0	0	19	0	0	0	0	0	0	0	0	0	0	0	0	0	0	0	0	0	0
Zotu94_P1_H04_19MMC1_S503_N703	0	1	0	0	0	0	0	0	0	0	1	0	0	0	0	11	0	0	0	0	0	0	0	0	1	0	0	0	0	0	0	0	0
Zotu95_P1_A01_32TCONS2_S502_N701	29	0	0	0	0	0	0	0	0	0	0	0	0	0	0	0	0	0	0	0	0	0	0	0	0	0	0	0	0	0	0	0	0
Zotu95_P1_B09_9MMC3P_S505_N705	1	0	0	5	0	0	0	0	0	0	0	1	0	0	0	0	0	0	0	0	0	0	0	0	0	0	0	0	0	0	0	0	0
Zotu95_P2_D03_12MMOC3R_S504_N708	0	0	0	0	0	0	0	0	0	0	0	0	0	0	0	0	0	0	0	0	0	58	0	0	0	0	0	0	0	0	0	0	0
Zotu97_P2_B05_16IZPOC1a_S507_N709	0	0	0	0	0	0	0	0	0	0	0	0	0	0	0	0	3	0	0	10	0	0	0	0	0	0	0	0	0	0	0	0	0
Zotu98_P1_D05_13SHC4C1_S505_N703	0	0	0	0	0	0	0	0	52	0	0	0	0	0	0	0	0	0	0	0	0	0	0	0	0	0	0	0	0	0	7	0	0
Zotu98_P1_G01_8IZTPOCR_S505_N701	0	0	0	0	0	0	0	0	0	0	0	0	0	0	17	0	0	0	0	0	0	0	0	0	0	0	0	0	0	0	0	0	0
Zotu98_P1_H04_19MMC1_S503_N703	5	0	4	0	2	0	0	0	0	0	4	0	0	3	0	10	1	0	0	0	1	0	4	2	0	0	1	0	0	0	0	0	0
Zotu98_P2_E04_21MMC3b_S502_N709	0	0	0	0	0	0	0	0	0	0	12	0	0	0	0	0	0	0	0	0	0	0	0	0	21	0	0	0	0	0	0	0	0
Zotu99_P1_E02_21MMC3_S517_N701	0	0	0	0	0	0	0	0	0	0	27	0	0	0	0	0	0	0	0	0	0	0	0	0	45	0	0	0	0	0	0	0	0
Zotu99_P1_F08_41TDIST2_S503_N705	0	0	0	0	0	0	0	0	0	0	0	0	0	27	0	0	0	0	1	0	0	0	0	0	0	51	0	0	2	0	0	0	0
Zotu99_P2_D03_12MMOC3R_S504_N708	0	0	0	0	0	0	0	0	0	0	0	0	0	0	1	0	0	0	0	0	0	51	0	0	0	0	0	0	0	0	0	0	0
Zotu9_P1_A01_32TCONS2_S502_N701	1391	5	0	0	0	0	0	0	0	0	0	0	1	1	0	0	0	0	0	0	0	0	0	0	0	0	0	0	5	0	1	0	0
Zotu9_P1_B09_9MMC3P_S505_N705	0	0	0	482	0	0	0	0	0	0	1	0	0	0	0	0	0	0	0	0	0	0	0	0	1	0	0	0	0	0	0	0	0
Zotu9_P1_D05_13SHC4C1_S505_N703	0	0	0	0	0	0	0	0	464	0	0	0	0	0	0	0	0	0	0	0	0	0	0	0	0	0	0	0	0	0	174	0	0
Zotu9_P1_D10_4SHC5C2R_S502_N706	0	0	0	0	0	0	0	0	0	882	0	0	0	0	0	0	0	0	0	0	0	0	0	0	0	0	0	0	0	0	0	0	0
Zotu9_P2_C05_16IZPOC1b_S508_N709	0	0	0	0	0	0	0	0	0	0	0	0	0	0	0	0	685	0	0	1	494	0	0	0	0	0	0	0	0	0	0	0	0
