"Zotu102_P2_A01_16IZPOC1_S502_N707" "Zotu105_P1_C03_29TRE808_S504_N702" "Zotu105_P2_A01_16IZPOC1_S502_N707" "Zotu106_P1_G01_8IZTPOCR_S505_N701" "Zotu109_P1_D05_13SHC4C1_S505_N703" "Zotu109_P1_E02_21MMC3_S517_N701" "Zotu10_P1_C03_29TRE808_S504_N702" "Zotu114_P1_C03_29TRE808_S504_N702" "Zotu118_P1_A01_32TCONS2_S502_N701" "Zotu132_P2_A01_16IZPOC1_S502_N707" "Zotu133_P2_E05_41TDIST2b_S502_N710" "Zotu135_P1_D05_13SHC4C1_S505_N703" "Zotu13_P1_C03_29TRE808_S504_N702" "Zotu149_P2_A01_16IZPOC1_S502_N707" "Zotu14_P1_E03_55TRE137_S505_N702" "Zotu164_P1_F08_41TDIST2_S503_N705" "Zotu167_P1_A01_32TCONS2_S502_N701" "Zotu171_P1_A01_32TCONS2_S502_N701" "Zotu177_P1_F08_41TDIST2_S503_N705" "Zotu182_P1_F08_41TDIST2_S503_N705" "Zotu183_P1_F08_41TDIST2_S503_N705" "Zotu183_P2_A01_16IZPOC1_S502_N707" "Zotu18_P1_E03_55TRE137_S505_N702" "Zotu190_P2_B05_16IZPOC1a_S507_N709" "Zotu193_P2_A01_16IZPOC1_S502_N707" "Zotu195_P2_A01_16IZPOC1_S502_N707" "Zotu202_P1_D05_13SHC4C1_S505_N703" "Zotu204_P1_D05_13SHC4C1_S505_N703" "Zotu207_P1_E02_21MMC3_S517_N701" "Zotu208_P1_E02_21MMC3_S517_N701" "Zotu20_P1_E02_21MMC3_S517_N701" "Zotu215_P1_D05_13SHC4C1_S505_N703" "Zotu228_P1_D05_13SHC4C1_S505_N703" "Zotu22_P2_A01_16IZPOC1_S502_N707" "Zotu232_P1_D05_13SHC4C1_S505_N703" "Zotu23_P1_B09_9MMC3P_S505_N705" "Zotu23_P1_C11_7IZPOC1W_S506_N706" "Zotu241_P2_A01_16IZPOC1_S502_N707" "Zotu25_P1_E03_55TRE137_S505_N702" "Zotu25_P2_A01_16IZPOC1_S502_N707" "Zotu27_P1_E03_55TRE137_S505_N702" "Zotu30_P1_B09_9MMC3P_S505_N705" "Zotu31_P1_B09_9MMC3P_S505_N705" "Zotu32_P1_E03_55TRE137_S505_N702" "Zotu34_P1_E02_21MMC3_S517_N701" "Zotu35_P1_C11_7IZPOC1W_S506_N706" "Zotu36_P1_E03_55TRE137_S505_N702" "Zotu3_P1_E02_21MMC3_S517_N701" "Zotu41_P1_H04_19MMC1_S503_N703" "Zotu44_P1_E03_55TRE137_S505_N702" "Zotu46_P1_B09_9MMC3P_S505_N705" "Zotu48_P1_E02_21MMC3_S517_N701" "Zotu48_P1_E03_55TRE137_S505_N702" "Zotu52_P1_E02_21MMC3_S517_N701" "Zotu56_P1_E03_55TRE137_S505_N702" "Zotu59_P1_B09_9MMC3P_S505_N705" "Zotu59_P1_E03_55TRE137_S505_N702" "Zotu60_P1_B09_9MMC3P_S505_N705" "Zotu60_P1_F07_5IZPOC1P_S507_N704" "Zotu70_P1_E02_21MMC3_S517_N701" "Zotu73_P1_E02_21MMC3_S517_N701" "Zotu75_P1_E02_21MMC3_S517_N701" "Zotu79_P2_A01_16IZPOC1_S502_N707" "Zotu82_P1_D05_13SHC4C1_S505_N703" "Zotu86_P1_F08_41TDIST2_S503_N705" "Zotu91_P2_E04_21MMC3b_S502_N709" "Zotu94_P1_C03_29TRE808_S504_N702" "Zotu94_P2_E04_21MMC3b_S502_N709" "Zotu95_P1_F08_41TDIST2_S503_N705" "Zotu9_P1_C03_29TRE808_S504_N702"
"G_A_Pab_13SHC4C1" 0 0 0 1 1 0 0 0 0 0 0 1 0 0 0 0 1 0 0 0 0 0 1 0 0 0 1 1 0 0 0 1 1 0 1 0 0 0 0 0 0 1 0 0 0 0 0 0 0 0 0 0 0 0 0 0 0 0 0 0 0 0 0 1 0 0 0 0 0 1
"G_A_Pab_19MMC1" 0 0 0 0 0 0 1 0 0 0 0 0 0 0 0 0 0 0 0 0 0 0 0 0 0 0 0 0 1 0 0 0 0 0 0 1 0 0 0 0 0 1 1 0 1 0 0 1 1 0 1 0 1 0 0 1 0 0 0 0 0 0 0 0 0 1 0 0 0 1
"G_A_Pab_32TCONS2" 0 0 0 0 0 0 0 0 1 0 0 0 0 0 0 0 1 1 0 0 0 0 0 0 0 0 0 0 0 0 0 0 0 0 0 0 0 0 0 0 0 0 0 0 0 0 0 0 0 0 0 0 0 0 0 0 0 0 0 0 0 0 0 0 0 0 0 0 0 0
"G_B_Sa_16IZPOC1a" 0 0 1 0 0 0 0 0 1 1 0 0 0 1 0 0 0 0 0 0 0 1 0 1 1 1 0 0 0 0 0 0 0 1 0 0 1 1 0 1 0 0 0 0 0 1 0 0 0 0 0 0 0 0 0 0 0 0 1 0 0 0 1 0 0 0 0 0 0 0
"G_B_Sa_21MMC3a" 0 0 0 0 0 0 0 0 0 0 0 0 0 0 1 0 0 0 0 0 0 0 0 0 0 0 0 0 0 0 1 0 0 0 0 1 0 0 0 0 0 1 1 0 1 0 0 1 0 0 1 1 0 0 0 1 0 1 0 0 0 1 0 0 0 1 0 1 0 0
"G_B_Sa_29TRE808a" 0 1 0 0 0 0 1 1 0 0 0 0 1 0 0 0 0 0 0 0 0 0 0 0 0 0 0 0 0 0 0 0 1 0 0 0 0 0 0 0 0 0 0 0 0 0 0 0 0 0 0 0 0 0 0 0 0 0 0 0 0 0 0 0 0 0 0 0 0 1
"G_B_Sa_41TDIST2a" 0 0 0 0 0 0 0 0 0 0 0 0 0 0 1 1 0 0 1 0 0 0 0 0 0 0 0 0 0 0 0 0 0 0 0 0 0 0 0 0 0 0 0 0 0 0 0 0 0 0 0 0 0 0 0 0 0 0 0 0 0 0 0 0 0 0 0 0 1 0
"G_B_Sa_55TRE137a" 0 0 0 0 0 0 0 0 0 0 1 0 0 0 1 0 0 0 0 0 0 0 1 0 0 0 0 0 0 0 0 0 0 0 0 0 0 0 1 0 0 0 0 1 0 0 0 0 0 0 0 0 0 0 1 0 0 0 0 0 0 0 0 0 0 0 1 0 0 0
"G_C_Sb_16IZPOC1b" 1 0 0 0 0 0 0 0 0 0 0 0 0 0 0 0 0 0 0 0 0 0 0 0 0 0 0 0 0 0 0 0 0 1 0 0 0 0 0 0 0 0 0 0 0 0 0 0 0 0 0 0 0 0 0 0 0 0 1 0 0 0 1 0 0 0 0 0 0 0
"G_C_Sb_21MMC3b" 0 0 0 1 0 1 0 0 0 0 0 0 0 0 0 0 0 0 0 0 0 0 0 0 0 0 1 0 1 1 0 0 0 0 0 1 0 0 0 0 0 1 1 0 1 0 0 1 1 0 0 1 0 1 0 0 0 0 0 1 1 1 0 0 0 1 0 1 0 0
"G_C_Sb_29TRE808b" 0 1 0 0 0 0 0 1 0 0 0 0 0 0 0 0 0 0 0 0 0 0 0 0 0 0 0 0 0 0 0 0 0 0 0 0 0 0 0 0 0 0 0 0 0 0 0 0 0 0 0 0 0 0 0 0 0 0 0 0 0 0 0 0 0 0 1 0 0 1
"G_C_Sb_41TDIST2b" 1 0 0 0 0 0 0 0 0 0 1 0 0 0 0 0 0 0 0 0 1 0 1 0 0 0 0 0 0 0 0 0 0 0 0 0 0 0 0 0 0 0 0 0 1 0 1 0 0 1 0 0 0 0 1 0 0 0 0 0 0 0 0 0 1 0 0 0 1 0
"G_C_Sb_55TRE137b" 0 0 0 0 0 0 0 0 0 0 1 0 0 0 0 0 0 0 0 0 0 0 1 0 0 0 0 0 0 0 0 0 0 0 0 0 0 0 0 0 1 0 0 1 0 0 1 0 0 1 0 1 1 0 1 0 1 0 0 0 0 0 0 0 0 0 0 0 0 0
"G_D_Pab_13SHC4a" 0 0 0 0 1 0 0 0 0 0 0 1 0 0 0 0 0 0 0 0 0 0 0 0 0 0 0 1 0 0 0 0 0 0 1 0 0 0 0 0 0 0 0 0 0 0 0 0 0 0 0 0 0 0 0 0 0 0 0 0 0 0 0 1 0 0 0 0 0 0
"G_D_Pab_19MMC1a" 0 0 0 0 0 0 0 0 0 0 0 0 0 0 0 0 0 0 0 0 0 0 0 0 0 0 0 0 1 0 0 0 0 0 0 1 0 0 0 0 0 1 0 0 1 0 0 1 1 0 0 0 0 0 0 1 0 0 0 0 0 0 0 0 0 1 0 0 0 0
"G_E_Pab_16IZPOC1" 1 0 1 0 0 0 0 0 0 1 0 0 0 1 0 0 0 0 0 0 0 1 0 0 1 1 0 0 0 0 0 0 0 1 0 0 1 1 0 1 0 0 0 0 0 1 0 0 0 0 0 0 0 0 0 0 0 0 1 0 0 0 1 0 0 0 0 0 0 1
"G_E_Pab_21MMC3" 0 0 0 0 0 1 0 0 0 0 0 0 0 0 0 0 0 0 0 0 0 0 0 0 0 0 1 0 1 1 1 0 0 0 0 1 0 0 0 0 0 1 1 0 1 0 0 1 1 0 1 1 0 1 0 1 0 0 0 1 1 1 0 0 0 1 0 1 0 0
"G_E_Pab_29TRE808" 0 1 0 0 0 0 1 1 0 0 0 0 1 0 0 0 0 0 0 0 0 0 0 0 0 0 0 1 0 0 0 0 1 0 0 0 0 0 0 0 0 0 0 0 0 0 0 0 0 0 0 0 0 0 0 0 0 0 0 0 0 0 0 0 0 0 1 0 0 1
"G_E_Pab_41TDIST2" 1 0 0 0 0 0 0 0 0 0 1 0 0 0 1 1 0 0 1 1 1 0 1 0 0 0 0 0 0 0 0 0 0 0 0 1 0 0 0 0 0 0 0 0 1 0 1 0 0 0 0 0 0 0 0 0 1 0 0 0 0 0 0 0 1 0 0 0 1 1
"G_E_Pab_55TRE137" 0 0 0 0 0 0 0 0 0 0 0 0 0 0 1 0 0 0 0 0 0 0 1 0 0 0 0 0 0 0 0 0 0 0 0 0 0 0 1 0 1 1 0 1 0 0 1 0 0 1 0 1 1 0 1 0 1 0 0 0 0 0 0 0 0 0 0 0 0 0
