#OTU ID	P1_A01_32TCONS2_S502_N701	P1_A04_10MMOC3J_S507_N702	P1_B09_9MMC3P_S505_N705	P1_C03_29TRE808_S504_N702	P1_C07_6IZPOC1J_S505_N704	P1_C11_7IZPOC1W_S506_N706	P1_D05_13SHC4C1_S505_N703	P1_D10_4SHC5C2R_S502_N706	P1_E02_21MMC3_S517_N701	P1_E03_55TRE137_S505_N702	P1_F07_5IZPOC1P_S507_N704	P1_F08_41TDIST2_S503_N705	P1_G01_8IZTPOCR_S505_N701	P1_H04_19MMC1_S503_N703	P2_A01_16IZPOC1_S502_N707	P2_A03_11MMOC3W_S502_N708	P2_A05_55TRE137b_S506_N709	P2_B05_16IZPOC1a_S507_N709	P2_C05_16IZPOC1b_S508_N709	P2_D03_12MMOC3R_S504_N708	P2_D04_21MMC3a_S517_N708	P2_D05_41TDIST2a_S517_N709	P2_E04_21MMC3b_S502_N709	P2_E05_41TDIST2b_S502_N710	P2_F04_29TRE808a_S503_N709	P2_G03_2SHCN5C2J_S506_N708	P2_G04_29TRE808b_S504_N709	P2_G05_13SHC4a_S504_N710	P2_H04_55TRE137a_S505_N709	P2_H05_19MMC1a_S505_N710
Zotu102_P2_A01_16IZPOC1_S502_N707	0	0	0	0	0	0	0	0	0	0	0	2	0	0	19	0	0	0	12	0	0	0	0	3	0	0	0	0	0	0
Zotu105_P1_C03_29TRE808_S504_N702	0	0	0	11	0	0	0	0	0	0	0	0	0	0	0	0	0	0	0	0	0	0	0	0	4	0	4	0	0	0
Zotu105_P2_A01_16IZPOC1_S502_N707	0	0	0	0	0	0	0	0	0	0	0	0	0	0	19	0	0	8	0	0	0	0	0	0	0	0	0	0	0	0
Zotu106_P1_G01_8IZTPOCR_S505_N701	0	0	0	0	0	0	1	0	0	0	0	0	16	0	0	0	0	0	0	0	0	0	1	0	0	0	0	0	0	0
Zotu109_P1_D05_13SHC4C1_S505_N703	0	0	0	0	0	0	42	0	0	0	0	0	0	0	0	0	0	0	0	0	0	0	0	0	0	0	0	11	0	0
Zotu109_P1_E02_21MMC3_S517_N701	0	0	0	0	0	0	0	0	22	0	0	0	0	0	0	0	0	0	0	0	0	0	29	0	0	0	0	0	0	0
Zotu10_P1_C03_29TRE808_S504_N702	0	0	0	461	0	0	0	0	0	0	0	0	0	4	0	0	0	0	0	0	0	0	0	0	1106	0	0	0	0	0
Zotu114_P1_C03_29TRE808_S504_N702	0	0	0	9	0	0	0	0	0	0	0	0	0	0	0	0	0	0	0	0	0	0	0	0	3	0	4	0	0	0
Zotu118_P1_A01_32TCONS2_S502_N701	15	0	0	0	0	0	0	0	0	0	0	0	0	0	0	0	0	1	0	0	0	0	0	0	0	0	0	0	0	0
Zotu123_P2_G03_2SHCN5C2J_S506_N708	0	0	0	0	0	0	0	0	0	0	0	0	0	0	0	0	0	0	0	0	0	0	0	0	0	11	0	0	0	0
Zotu128_P1_G01_8IZTPOCR_S505_N701	0	0	0	0	0	0	0	0	0	0	0	0	10	0	0	0	0	0	0	0	0	0	0	0	0	0	0	0	0	0
Zotu130_P1_G01_8IZTPOCR_S505_N701	0	0	0	0	0	0	0	0	0	0	0	0	9	0	0	0	0	0	0	0	0	0	0	0	0	0	0	0	0	0
Zotu132_P1_E02_21MMC3_S517_N701	0	0	0	0	0	0	0	0	13	0	0	0	0	0	0	0	0	0	0	0	22	0	0	0	0	0	0	0	0	0
Zotu132_P2_A01_16IZPOC1_S502_N707	0	0	0	0	0	0	0	0	0	0	0	0	0	0	14	0	0	17	0	0	0	0	0	0	0	0	0	0	0	0
Zotu133_P2_E05_41TDIST2b_S502_N710	0	0	0	0	0	0	0	0	0	0	0	3	0	0	0	0	1	0	0	0	0	0	0	11	0	0	0	0	1	0
Zotu135_P1_D05_13SHC4C1_S505_N703	0	0	0	0	0	0	28	0	0	0	0	0	0	0	0	0	0	0	0	0	0	0	0	0	0	0	0	10	0	0
Zotu135_P1_G01_8IZTPOCR_S505_N701	0	0	0	0	0	0	0	0	0	0	0	0	8	0	0	0	0	0	0	1	0	0	0	0	0	0	0	0	0	0
Zotu139_P1_G01_8IZTPOCR_S505_N701	0	0	0	0	0	0	0	0	0	0	0	0	7	0	0	0	0	0	0	0	0	0	0	0	0	0	0	0	0	0
Zotu139_P2_G03_2SHCN5C2J_S506_N708	0	0	0	0	0	0	0	0	0	0	0	0	0	0	0	0	0	0	0	0	0	0	0	0	0	10	0	0	0	0
Zotu13_P1_C03_29TRE808_S504_N702	0	0	0	397	0	0	0	0	0	0	0	0	0	0	0	0	0	0	0	0	0	0	0	0	737	0	0	0	0	0
Zotu13_P1_G01_8IZTPOCR_S505_N701	0	0	0	0	0	0	0	0	0	0	0	0	239	0	0	0	0	0	0	0	0	0	0	0	0	0	0	0	0	0
Zotu149_P2_A01_16IZPOC1_S502_N707	0	0	0	0	0	0	0	0	0	0	0	0	0	0	12	0	0	14	0	0	0	0	0	0	0	0	0	0	0	0
Zotu14_P1_E03_55TRE137_S505_N702	0	0	0	0	0	0	0	0	0	709	0	30	0	0	0	0	0	0	0	0	1	19	0	0	0	0	0	0	854	0
Zotu156_P1_H04_19MMC1_S503_N703	0	0	0	0	0	0	0	0	0	0	0	0	0	4	0	0	0	0	0	0	0	0	0	0	0	0	0	0	0	0
Zotu158_P1_C03_29TRE808_S504_N702	0	0	0	4	0	0	0	0	0	0	0	1	0	0	0	0	0	0	0	0	0	0	0	0	5	0	0	0	0	0
Zotu162_P1_G01_8IZTPOCR_S505_N701	0	0	0	0	0	0	0	0	0	0	0	0	5	0	0	0	0	0	0	363	0	0	0	0	0	0	0	0	0	0
Zotu164_P1_F08_41TDIST2_S503_N705	0	0	0	0	0	0	0	0	0	0	0	6	0	0	0	0	0	0	0	0	0	1	0	0	0	0	0	0	0	0
Zotu164_P1_G01_8IZTPOCR_S505_N701	0	0	0	0	0	0	0	0	0	0	0	0	5	0	0	0	0	0	0	0	0	0	0	0	0	0	0	0	0	0
Zotu167_P1_A01_32TCONS2_S502_N701	4	0	0	0	0	0	309	0	0	0	0	0	0	0	0	0	0	0	0	0	0	0	0	0	0	0	0	0	0	0
Zotu167_P1_E02_21MMC3_S517_N701	1	0	0	0	0	0	0	0	8	0	0	0	0	0	0	0	0	0	0	0	0	0	7	2	2	0	1	0	0	0
Zotu171_P1_A01_32TCONS2_S502_N701	4	0	0	0	0	0	0	0	0	0	0	0	0	0	0	0	0	0	0	0	0	0	0	0	0	0	0	0	0	0
Zotu177_P1_F08_41TDIST2_S503_N705	0	0	0	0	0	0	0	0	0	0	0	5	0	0	0	0	0	0	0	0	0	3	0	0	0	0	0	0	0	0
Zotu177_P2_E04_21MMC3b_S502_N709	0	0	0	0	0	0	0	0	3	0	0	0	0	0	0	0	0	0	0	0	0	0	6	0	0	0	0	0	0	0
Zotu17_P1_C11_7IZPOC1W_S506_N706	0	0	0	0	0	93	0	0	0	0	0	0	0	0	0	0	0	0	0	0	0	0	0	0	0	4	0	0	0	0
Zotu182_P1_F08_41TDIST2_S503_N705	0	0	0	0	0	0	0	0	0	0	0	4	0	0	0	0	0	0	0	0	0	0	0	0	0	0	0	0	0	0
Zotu183_P1_F08_41TDIST2_S503_N705	0	0	0	0	0	0	0	0	0	0	0	4	0	0	0	0	0	0	0	0	0	0	0	1	0	0	0	0	0	0
Zotu183_P2_A01_16IZPOC1_S502_N707	0	0	0	0	0	0	0	0	0	0	0	0	0	0	7	0	0	12	0	0	0	0	0	0	0	0	0	0	0	0
Zotu189_P2_E04_21MMC3b_S502_N709	0	0	0	0	0	0	0	0	1	0	0	0	0	0	0	0	0	0	0	0	0	0	5	0	0	0	0	0	0	0
Zotu18_P1_E03_55TRE137_S505_N702	0	0	0	0	0	0	1	0	0	506	0	3	0	0	0	0	8	0	0	0	0	0	0	12	0	0	0	0	585	0
Zotu18_P2_D03_12MMOC3R_S504_N708	0	0	0	0	0	0	0	0	0	0	0	0	0	0	0	0	0	0	0	731	0	0	0	0	0	0	0	0	0	0
Zotu190_P2_B05_16IZPOC1a_S507_N709	0	0	0	0	0	0	0	0	0	0	0	0	0	0	0	0	0	4	0	0	0	0	0	0	0	0	0	0	0	0
Zotu193_P2_A01_16IZPOC1_S502_N707	0	0	0	0	0	0	0	0	0	0	0	0	0	0	7	0	0	4	0	0	0	0	0	0	0	0	0	0	0	0
Zotu195_P2_A01_16IZPOC1_S502_N707	0	0	0	0	0	0	0	0	0	0	0	0	0	0	6	0	0	6	0	0	0	0	0	0	0	0	0	0	0	0
Zotu201_P2_A01_16IZPOC1_S502_N707	0	0	0	0	0	0	0	0	0	0	0	0	0	0	6	0	0	2	0	0	0	0	0	0	0	0	0	0	0	0
Zotu202_P1_D05_13SHC4C1_S505_N703	0	0	0	0	0	0	9	0	10	0	0	0	0	0	0	0	0	0	0	22	0	0	6	0	0	0	0	0	0	0
Zotu204_P1_D05_13SHC4C1_S505_N703	0	0	0	1	0	0	9	0	0	0	0	0	0	0	0	0	0	0	0	0	0	0	0	0	0	0	0	1	0	0
Zotu206_P1_E02_21MMC3_S517_N701	0	0	0	0	0	0	0	0	5	0	0	0	0	0	0	0	0	0	0	0	0	0	6	0	0	0	0	0	0	0
Zotu207_P1_E02_21MMC3_S517_N701	0	0	0	0	0	0	0	0	5	0	0	0	0	221	0	0	0	0	0	0	0	0	3	0	0	0	0	0	0	14
Zotu208_P1_E02_21MMC3_S517_N701	0	0	0	0	0	0	0	0	5	0	0	0	0	0	0	0	0	0	0	0	0	0	23	0	0	0	0	0	0	0
Zotu209_P2_D03_12MMOC3R_S504_N708	0	0	0	0	0	0	0	0	0	0	0	0	0	0	0	0	0	0	0	4	0	0	0	0	0	0	0	0	0	0
Zotu20_P1_E02_21MMC3_S517_N701	0	0	0	0	0	0	0	0	255	0	0	0	0	0	0	0	0	0	0	0	401	0	0	0	0	0	0	0	0	0
Zotu212_P2_E04_21MMC3b_S502_N709	0	0	0	0	0	0	0	0	1	0	0	0	0	0	0	0	0	0	0	0	0	0	4	0	0	0	0	0	0	0
Zotu213_P2_E04_21MMC3b_S502_N709	0	0	0	0	0	0	0	0	3	0	0	0	0	0	0	0	0	0	0	0	0	0	4	0	0	0	0	0	0	0
Zotu213_P2_G03_2SHCN5C2J_S506_N708	0	0	0	0	0	0	0	0	0	0	0	0	0	0	0	0	0	0	0	0	0	0	0	0	0	6	0	0	0	0
Zotu215_P1_D05_13SHC4C1_S505_N703	0	0	0	0	0	0	7	0	0	0	0	0	0	0	0	0	0	0	0	0	0	0	0	0	0	0	0	0	0	0
Zotu219_P1_E02_21MMC3_S517_N701	0	0	0	0	0	0	0	0	4	0	0	0	0	0	0	0	0	0	0	0	0	0	6	0	0	0	0	0	0	0
Zotu21_P2_A03_11MMOC3W_S502_N708	0	0	0	0	0	0	0	0	0	0	0	0	0	0	0	21	0	0	0	0	0	0	0	0	0	0	0	0	0	0
Zotu223_P2_A01_16IZPOC1_S502_N707	0	0	0	0	0	0	0	0	1	0	0	0	0	0	5	0	0	3	0	0	0	0	1	0	0	0	0	0	0	0
Zotu226_P2_E04_21MMC3b_S502_N709	0	0	0	0	0	0	0	0	2	0	0	0	0	0	0	0	0	0	0	0	0	0	4	0	0	0	0	0	0	0
Zotu228_P1_D05_13SHC4C1_S505_N703	0	1	0	1	0	0	5	0	0	0	0	0	0	0	0	0	0	0	0	0	0	0	0	0	1	0	0	0	0	0
Zotu22_P2_A01_16IZPOC1_S502_N707	0	0	0	0	0	0	0	0	0	0	0	0	0	0	229	0	0	48	128	0	0	0	0	0	0	0	0	0	0	0
Zotu232_P1_D05_13SHC4C1_S505_N703	0	0	0	0	0	0	5	0	0	0	0	0	0	0	0	0	0	0	0	0	0	0	0	0	0	0	0	1	0	0
Zotu23_P1_B09_9MMC3P_S505_N705	0	0	99	0	0	0	0	0	550	0	0	1	0	1728	0	0	0	0	0	0	746	0	99	0	0	0	0	0	0	285
Zotu23_P1_C11_7IZPOC1W_S506_N706	0	0	0	0	0	42	0	0	0	0	0	0	0	0	16	0	0	10	0	0	0	0	0	0	0	0	0	0	0	0
Zotu241_P2_A01_16IZPOC1_S502_N707	0	0	0	0	0	0	0	0	0	0	0	0	0	0	4	0	0	5	0	0	0	0	0	0	0	0	0	0	0	0
Zotu24_P2_A03_11MMOC3W_S502_N708	0	0	0	0	0	0	0	0	0	0	0	0	0	0	0	10	0	0	0	0	0	0	0	0	0	0	0	0	0	0
Zotu250_P1_D05_13SHC4C1_S505_N703	0	0	0	1	0	0	4	0	0	0	0	0	0	0	0	0	0	0	0	0	0	0	0	0	4	0	0	3	0	0
Zotu25_P1_E03_55TRE137_S505_N702	0	0	0	0	0	0	0	0	0	307	0	0	0	0	0	0	0	0	0	0	0	0	0	0	0	0	0	0	370	0
Zotu25_P2_A01_16IZPOC1_S502_N707	0	0	0	0	1	0	0	0	0	0	0	0	0	0	163	0	0	94	0	0	0	0	0	0	0	0	0	0	0	0
Zotu25_P2_A03_11MMOC3W_S502_N708	0	0	0	0	0	0	0	0	0	0	0	0	0	0	0	9	0	0	0	0	0	0	0	0	0	0	0	0	0	0
Zotu27_P1_E03_55TRE137_S505_N702	0	0	0	0	0	0	0	0	0	288	0	0	0	0	0	0	338	0	0	0	0	0	0	0	0	0	0	0	0	0
Zotu28_P2_G03_2SHCN5C2J_S506_N708	0	0	0	0	0	0	0	0	0	0	0	0	0	0	0	0	0	0	0	0	0	0	0	0	0	77	0	0	0	0
Zotu30_P1_B09_9MMC3P_S505_N705	0	0	59	0	1	0	1	0	1226	1	0	0	0	6739	0	0	0	0	0	0	2023	0	29	0	0	0	0	0	0	1207
Zotu30_P1_D10_4SHC5C2R_S502_N706	0	0	0	0	0	0	0	193	0	0	0	0	0	0	0	0	0	0	0	0	0	0	0	0	0	0	0	0	0	0
Zotu31_P1_B09_9MMC3P_S505_N705	0	0	57	0	0	0	0	0	86	0	0	0	0	8	0	0	0	0	0	0	3	0	152	0	0	0	0	0	0	0
Zotu31_P1_C11_7IZPOC1W_S506_N706	0	0	0	0	0	24	0	0	0	0	0	0	0	0	0	0	0	0	0	0	0	0	0	0	0	0	0	0	0	0
Zotu32_P1_E03_55TRE137_S505_N702	0	0	0	0	0	0	0	0	0	208	0	0	0	0	0	0	263	0	0	0	0	0	0	0	0	0	0	0	2	0
Zotu32_P2_H04_55TRE137a_S505_N709	0	0	0	0	0	0	0	0	0	0	0	1	0	0	0	0	0	0	0	0	0	0	0	0	0	0	0	0	5	0
Zotu34_P1_C11_7IZPOC1W_S506_N706	0	0	0	0	0	19	0	0	0	0	0	0	0	0	0	0	0	0	0	0	0	0	0	0	0	0	0	0	0	0
Zotu34_P1_E02_21MMC3_S517_N701	0	0	0	0	0	0	0	0	140	0	0	104	0	221	0	0	0	0	0	0	181	0	57	152	0	0	0	0	0	52
Zotu35_P1_C11_7IZPOC1W_S506_N706	0	0	0	0	0	19	0	0	0	0	0	0	0	0	1	0	0	1	0	0	0	0	0	0	0	0	0	0	0	0
Zotu35_P2_D03_12MMOC3R_S504_N708	0	0	0	0	0	0	0	0	0	0	0	0	0	0	0	0	0	0	0	325	0	0	0	0	0	0	0	0	0	0
Zotu36_P1_D10_4SHC5C2R_S502_N706	0	0	0	0	0	0	0	150	0	0	0	0	0	0	0	0	0	0	0	0	0	0	0	0	0	0	0	0	0	0
Zotu36_P1_E03_55TRE137_S505_N702	0	0	0	0	0	0	0	0	0	144	0	2	0	0	0	0	154	0	0	0	0	0	0	4	0	0	0	0	0	0
Zotu3_P1_E02_21MMC3_S517_N701	0	0	0	0	0	0	0	0	965	0	0	0	0	154	0	1	0	0	0	0	1343	0	233	0	0	0	0	0	0	50
Zotu41_P1_D10_4SHC5C2R_S502_N706	0	0	0	0	0	0	0	85	0	0	0	0	69	0	0	0	0	0	0	75	0	0	0	0	0	0	0	0	0	0
Zotu41_P1_H04_19MMC1_S503_N703	0	0	0	0	0	0	0	0	2	0	0	0	0	183	0	0	0	0	0	0	0	0	2	0	0	0	0	0	0	10
Zotu42_P1_C11_7IZPOC1W_S506_N706	0	0	0	0	0	11	0	0	0	0	0	0	0	0	0	0	0	0	0	0	0	0	0	0	0	1	0	0	0	0
Zotu43_P1_D10_4SHC5C2R_S502_N706	0	0	0	0	0	0	0	73	0	0	0	0	45	0	0	0	0	0	0	109	0	0	0	0	0	0	0	0	0	0
Zotu44_P1_E03_55TRE137_S505_N702	0	0	0	0	0	0	0	0	0	102	0	0	0	0	0	0	134	0	0	0	0	0	0	1	0	0	0	0	0	0
Zotu45_P1_D10_4SHC5C2R_S502_N706	0	0	0	0	0	0	0	57	0	0	0	0	0	0	0	0	0	0	0	0	0	0	0	0	0	0	0	0	0	0
Zotu46_P1_B09_9MMC3P_S505_N705	0	0	17	0	0	0	0	0	2	0	0	0	0	2	0	0	0	0	0	0	2	0	0	0	0	0	0	0	0	0
Zotu47_P1_D10_4SHC5C2R_S502_N706	0	0	0	0	0	0	0	45	0	0	0	0	63	0	0	0	0	0	0	0	0	0	0	0	0	0	0	0	0	0
Zotu47_P2_D03_12MMOC3R_S504_N708	0	0	0	0	0	0	0	0	0	0	0	0	0	0	0	0	0	0	0	187	0	0	0	0	0	0	0	0	0	0
Zotu48_P1_E02_21MMC3_S517_N701	0	0	0	0	0	0	0	0	86	52	0	0	0	0	0	0	65	0	0	0	110	0	50	0	0	0	0	0	0	0
Zotu48_P1_E03_55TRE137_S505_N702	0	0	0	0	0	0	0	0	0	68	0	0	0	1	0	0	91	0	0	0	0	0	0	0	0	0	0	0	0	0
Zotu49_P1_G01_8IZTPOCR_S505_N701	0	0	0	0	0	0	0	0	0	0	0	0	48	0	0	0	0	0	0	122	0	0	0	0	0	0	0	0	0	0
Zotu52_P1_E02_21MMC3_S517_N701	0	0	0	0	0	0	0	0	72	0	0	0	0	0	0	0	0	0	0	0	0	0	81	0	0	0	0	0	0	0
Zotu55_P2_D03_12MMOC3R_S504_N708	0	0	0	0	0	0	0	0	0	0	0	0	0	0	0	0	0	0	0	150	0	0	0	0	0	0	0	0	0	0
Zotu56_P1_E03_55TRE137_S505_N702	0	0	0	0	0	0	0	0	0	25	0	0	0	0	0	0	2	0	0	0	0	0	0	2	0	0	0	0	21	0
Zotu58_P2_D03_12MMOC3R_S504_N708	0	0	0	0	0	0	0	0	0	0	0	0	0	0	0	0	0	0	0	140	0	0	0	0	0	0	0	0	0	0
Zotu59_P1_B09_9MMC3P_S505_N705	0	0	12	0	0	0	0	0	1	0	0	0	0	7	0	0	0	0	0	0	5	0	0	0	0	0	0	0	0	2
Zotu59_P1_C11_7IZPOC1W_S506_N706	0	0	0	0	0	5	0	0	0	0	0	0	0	0	0	0	0	0	0	0	0	0	0	0	0	0	0	0	0	0
Zotu59_P1_E03_55TRE137_S505_N702	0	0	0	0	0	0	0	0	0	18	0	1	0	0	0	0	18	0	0	0	0	0	0	0	0	0	0	0	0	0
Zotu60_P1_B09_9MMC3P_S505_N705	0	0	12	0	0	0	0	0	0	0	0	0	0	0	0	0	0	0	0	0	5	0	0	0	0	0	0	0	0	0
Zotu60_P1_F07_5IZPOC1P_S507_N704	0	0	0	0	0	0	0	0	0	0	5	0	0	0	89	0	0	57	34	0	0	0	0	0	0	0	0	0	0	0
Zotu62_P1_E03_55TRE137_S505_N702	0	0	0	0	0	0	0	0	0	11	0	0	0	0	0	0	1	0	0	0	0	0	0	0	0	0	0	0	16	0
Zotu62_P1_G01_8IZTPOCR_S505_N701	0	0	0	0	0	0	0	0	0	0	0	0	34	0	0	0	0	0	0	0	0	0	0	0	0	0	0	0	0	0
Zotu62_P2_D03_12MMOC3R_S504_N708	0	0	0	0	0	0	0	0	0	0	0	0	0	0	0	0	0	0	0	120	0	0	0	0	0	0	0	0	0	0
Zotu63_P1_E03_55TRE137_S505_N702	0	0	0	0	0	0	0	0	0	8	0	0	0	0	0	0	0	0	0	0	0	0	0	0	0	0	0	0	1	0
Zotu70_P1_E02_21MMC3_S517_N701	0	0	0	0	0	0	0	0	42	0	0	0	0	0	0	0	0	0	0	0	0	0	50	0	0	0	0	0	0	0
Zotu71_P2_D03_12MMOC3R_S504_N708	0	0	0	0	0	0	0	0	0	0	0	0	0	0	0	0	0	0	0	87	0	0	0	0	0	0	0	0	0	0
Zotu72_P1_G01_8IZTPOCR_S505_N701	0	0	0	0	0	0	0	0	0	0	0	0	27	0	0	0	0	0	0	0	0	0	0	0	0	0	0	0	0	0
Zotu73_P1_E02_21MMC3_S517_N701	0	0	0	0	0	0	0	0	39	0	0	0	0	0	0	0	0	0	0	0	0	0	68	0	0	0	0	0	0	0
Zotu73_P1_H04_19MMC1_S503_N703	0	0	0	0	0	0	0	0	0	0	0	0	0	23	0	0	0	0	0	0	0	0	0	0	0	0	0	0	0	9
Zotu73_P2_D03_12MMOC3R_S504_N708	0	0	0	0	0	0	0	0	0	0	0	0	0	0	0	0	0	0	0	86	0	0	0	0	0	0	0	0	0	0
Zotu75_P1_E02_21MMC3_S517_N701	0	0	0	0	0	0	0	0	36	0	0	0	0	0	0	0	0	0	0	0	19	0	19	0	0	0	0	0	0	0
Zotu75_P2_D03_12MMOC3R_S504_N708	0	0	0	0	0	0	0	0	0	0	0	0	0	0	0	0	0	0	0	83	0	0	0	0	0	0	0	0	0	0
Zotu76_P1_G01_8IZTPOCR_S505_N701	0	0	0	0	0	0	0	0	0	0	0	0	27	0	0	0	0	0	0	0	0	0	0	0	0	0	0	0	0	0
Zotu79_P1_E03_55TRE137_S505_N702	0	0	0	1	0	0	0	0	0	4	0	0	0	0	0	0	7	0	0	0	0	0	0	0	0	0	1	0	0	0
Zotu79_P2_A01_16IZPOC1_S502_N707	0	0	0	0	0	0	0	0	0	0	0	0	0	0	27	0	0	13	17	0	0	0	0	0	0	0	0	0	0	0
Zotu79_P2_D03_12MMOC3R_S504_N708	0	0	0	0	0	0	0	0	0	0	0	0	0	0	0	0	0	0	0	77	0	0	0	0	0	0	0	0	0	0
Zotu81_P1_E03_55TRE137_S505_N702	0	0	0	0	0	0	0	0	0	4	0	0	0	0	0	0	0	0	0	0	0	0	0	0	0	0	0	0	2	0
Zotu81_P2_D03_12MMOC3R_S504_N708	0	0	0	0	0	0	0	0	0	0	0	0	0	0	0	0	0	0	0	75	0	0	0	0	0	0	0	0	0	0
Zotu82_P1_D05_13SHC4C1_S505_N703	0	0	0	0	0	0	66	0	0	0	0	0	0	0	0	0	0	0	0	0	0	0	0	0	0	0	0	30	0	0
Zotu85_P1_G01_8IZTPOCR_S505_N701	0	0	0	0	0	0	0	0	0	0	0	0	24	0	0	0	0	0	0	0	0	0	0	0	0	0	0	0	0	0
Zotu86_P1_F08_41TDIST2_S503_N705	0	2	0	0	0	0	0	0	0	0	0	43	0	0	0	0	0	0	0	0	0	0	0	42	0	0	0	0	0	0
Zotu87_P1_G01_8IZTPOCR_S505_N701	0	0	0	0	0	0	0	0	0	0	0	0	23	0	0	0	0	0	0	0	0	0	0	0	0	0	0	0	0	0
Zotu88_P1_B09_9MMC3P_S505_N705	0	0	6	0	0	0	0	0	0	0	0	0	0	0	0	0	0	0	0	0	0	0	0	0	0	0	0	0	0	0
Zotu88_P2_G03_2SHCN5C2J_S506_N708	0	0	0	0	0	0	0	0	0	0	0	0	0	0	0	0	0	0	0	0	0	0	0	0	0	16	0	0	0	0
Zotu91_P2_E04_21MMC3b_S502_N709	0	0	6	0	0	0	0	0	24	0	0	0	0	45	0	0	0	0	0	0	12	0	23	0	0	0	0	0	0	3
Zotu92_P1_G01_8IZTPOCR_S505_N701	0	0	0	0	0	0	0	0	0	0	0	0	20	0	0	0	0	0	0	0	0	0	0	0	0	0	0	0	0	0
Zotu93_P1_G01_8IZTPOCR_S505_N701	0	0	0	0	0	0	0	0	0	0	0	0	20	0	0	0	0	0	0	63	0	0	0	0	0	0	0	0	0	0
Zotu94_P1_C03_29TRE808_S504_N702	0	0	0	14	0	0	0	0	0	0	0	0	0	0	0	0	0	0	0	0	0	0	0	0	0	0	9	0	1	0
Zotu94_P2_E04_21MMC3b_S502_N709	0	0	0	0	0	0	0	0	20	0	0	0	0	0	0	0	0	0	0	0	1	0	22	0	0	0	0	0	0	0
Zotu95_P1_F08_41TDIST2_S503_N705	0	0	0	0	0	0	0	0	0	0	0	34	0	0	0	0	0	0	0	0	0	14	0	8	0	0	0	0	0	0
Zotu95_P1_G01_8IZTPOCR_S505_N701	0	0	0	0	0	0	0	0	0	0	0	0	18	0	0	0	0	0	0	0	0	0	0	0	0	0	0	0	0	0
Zotu9_P1_C03_29TRE808_S504_N702	0	0	0	529	0	24	1	0	0	0	0	4	0	1	1	0	0	0	0	0	0	0	0	0	1070	0	12	0	0	0
