#OTU ID	P1_A01_32TCONS2_S502_N701	P1_A04_10MMOC3J_S507_N702	P1_B07_1SHC5C2P_S504_N704	P1_B09_9MMC3P_S505_N705	P1_C03_29TRE808_S504_N702	P1_C07_6IZPOC1J_S505_N704	P1_D05_13SHC4C1_S505_N703	P1_D10_4SHC5C2R_S502_N706	P1_E02_21MMC3_S517_N701	P1_E03_55TRE137_S505_N702	P1_F07_5IZPOC1P_S507_N704	P1_F08_41TDIST2_S503_N705	P1_G01_8IZTPOCR_S505_N701	P2_A01_16IZPOC1_S502_N707	P2_A03_11MMOC3W_S502_N708	P2_A05_55TRE137b_S506_N709	P2_B05_16IZPOC1a_S507_N709	P2_D03_12MMOC3R_S504_N708	P2_D04_21MMC3a_S517_N708	P2_D05_41TDIST2a_S517_N709	P2_E04_21MMC3b_S502_N709	P2_E05_41TDIST2b_S502_N710	P2_F04_29TRE808a_S503_N709	P2_G03_2SHCN5C2J_S506_N708	P2_G04_29TRE808b_S504_N709	P2_G05_13SHC4a_S504_N710	P2_H04_55TRE137a_S505_N709
Zotu102_P2_D03_12MMOC3R_S504_N708	0	0	0	0	0	0	0	0	0	0	0	0	0	0	0	0	0	47	0	0	0	0	0	0	0	0	0
Zotu104_P1_C03_29TRE808_S504_N702	0	0	0	0	11	0	0	0	0	0	0	0	0	0	0	0	0	0	0	0	0	0	0	0	7	0	0
Zotu105_P1_B09_9MMC3P_S505_N705	0	0	0	4	0	0	0	0	0	0	0	0	0	0	0	0	0	0	0	0	0	0	0	0	0	0	0
Zotu106_P1_A01_32TCONS2_S502_N701	22	0	0	0	0	0	0	0	0	0	0	0	0	0	0	0	0	0	0	0	0	0	0	0	0	0	0
Zotu106_P1_B09_9MMC3P_S505_N705	0	0	0	4	0	0	0	0	0	0	0	0	0	0	0	0	0	0	0	0	0	0	0	0	0	0	0
Zotu106_P1_F08_41TDIST2_S503_N705	0	0	0	0	0	0	0	0	0	0	0	24	0	0	0	0	0	0	0	0	0	27	0	0	0	0	0
Zotu107_P1_E02_21MMC3_S517_N701	0	0	0	0	0	0	0	0	22	0	0	0	0	0	0	0	0	0	52	0	0	0	0	0	0	0	0
Zotu10_P1_A04_10MMOC3J_S507_N702	0	126	0	0	0	0	0	0	0	0	0	0	0	0	0	0	0	0	0	0	0	0	0	0	0	0	0
Zotu115_P1_G01_8IZTPOCR_S505_N701	0	0	0	0	0	0	0	0	0	0	0	0	13	0	0	0	0	0	0	0	0	0	0	0	0	0	0
Zotu11_P1_A04_10MMOC3J_S507_N702	0	112	0	0	0	0	0	0	0	0	0	0	0	0	0	0	0	0	0	0	0	0	0	0	0	0	0
Zotu124_P1_C03_29TRE808_S504_N702	0	0	0	0	8	0	0	0	0	0	0	0	0	0	0	0	0	0	0	0	0	0	0	0	1	0	0
Zotu127_P1_C03_29TRE808_S504_N702	0	0	0	0	7	0	0	0	0	0	0	0	0	0	0	0	0	0	0	0	0	0	0	0	1	0	0
Zotu129_P1_C03_29TRE808_S504_N702	0	0	0	0	7	0	92	0	17	0	0	0	0	0	0	0	0	0	25	0	0	0	10	14	0	19	0
Zotu12_P1_A04_10MMOC3J_S507_N702	0	105	0	0	0	0	0	0	0	0	0	0	0	0	0	0	0	0	0	0	0	0	0	0	0	0	0
Zotu132_P2_D03_12MMOC3R_S504_N708	0	0	0	0	0	0	0	0	0	0	0	0	0	0	0	0	0	18	0	0	0	0	0	0	0	0	0
Zotu133_P1_G01_8IZTPOCR_S505_N701	0	0	0	0	0	0	0	2	0	0	0	0	8	0	0	0	0	0	0	0	0	0	0	0	0	0	0
Zotu137_P1_C03_29TRE808_S504_N702	0	0	0	0	6	0	0	0	0	0	0	0	0	0	0	0	0	1	0	0	0	0	8	0	0	0	0
Zotu137_P1_E02_21MMC3_S517_N701	0	0	0	0	0	0	0	0	12	0	0	0	0	0	0	0	0	0	0	0	15	0	0	0	0	0	0
Zotu138_P1_G01_8IZTPOCR_S505_N701	0	0	0	0	0	0	0	0	0	0	0	0	7	0	0	0	0	0	0	0	0	0	0	0	0	0	0
Zotu13_P1_A04_10MMOC3J_S507_N702	0	100	0	0	0	0	0	0	0	0	0	0	0	0	0	0	0	0	0	0	0	0	0	0	0	0	0
Zotu13_P1_C07_6IZPOC1J_S505_N704	0	0	0	0	0	37	0	0	0	0	0	0	0	0	0	0	0	0	0	0	0	0	0	0	0	0	0
Zotu141_P1_C03_29TRE808_S504_N702	0	0	0	0	5	0	0	0	0	0	0	0	0	0	0	0	0	0	0	0	0	0	11	0	0	0	0
Zotu141_P2_D03_12MMOC3R_S504_N708	0	0	0	0	0	0	0	0	0	0	0	0	0	0	0	0	0	15	0	0	0	0	0	0	0	0	0
Zotu143_P1_F08_41TDIST2_S503_N705	0	0	0	0	0	0	0	0	0	0	0	11	0	0	0	0	0	0	0	0	0	23	0	0	0	0	0
Zotu14_P1_C03_29TRE808_S504_N702	0	0	1	0	369	0	1	0	0	0	0	0	0	0	0	0	0	1	0	0	0	0	29	0	165	0	0
Zotu14_P2_A03_11MMOC3W_S502_N708	0	0	0	2	0	0	0	0	0	0	0	0	0	0	132	0	0	0	0	0	0	0	0	0	0	0	0
Zotu151_P1_D05_13SHC4C1_S505_N703	0	0	0	0	0	0	23	0	0	0	0	0	0	0	0	0	0	0	0	0	0	0	0	0	0	4	0
Zotu153_P1_C03_29TRE808_S504_N702	0	0	0	0	4	0	0	0	0	0	0	0	0	0	0	0	0	0	0	0	0	0	0	0	0	0	0
Zotu154_P1_D05_13SHC4C1_S505_N703	0	0	0	0	0	0	22	0	0	0	0	0	0	0	0	0	0	0	0	0	0	0	0	0	0	0	0
Zotu155_P1_A01_32TCONS2_S502_N701	6	0	0	0	0	0	0	0	0	0	0	0	0	0	0	0	0	0	0	0	0	0	0	0	0	0	0
Zotu156_P1_C03_29TRE808_S504_N702	0	0	0	0	4	0	0	0	0	0	0	0	0	0	0	0	0	0	0	0	0	0	0	0	0	0	0
Zotu157_P1_F08_41TDIST2_S503_N705	0	0	0	0	0	0	0	0	0	0	0	7	0	0	0	0	0	0	0	0	0	7	0	0	0	0	0
Zotu159_P1_F08_41TDIST2_S503_N705	0	0	0	0	0	0	0	0	0	0	0	7	0	0	0	0	0	0	0	0	0	10	0	0	0	0	0
Zotu15_P1_A04_10MMOC3J_S507_N702	0	66	0	0	0	0	0	0	0	0	0	0	0	0	0	0	0	0	0	0	0	0	0	0	0	0	0
Zotu15_P1_C07_6IZPOC1J_S505_N704	0	0	0	0	0	33	0	0	0	0	0	0	0	0	0	0	0	0	0	0	0	0	0	0	0	0	0
Zotu161_P1_F08_41TDIST2_S503_N705	0	0	0	0	0	0	0	0	0	0	0	7	0	0	0	0	0	0	0	0	0	15	0	1	0	0	0
Zotu162_P2_B05_16IZPOC1a_S507_N709	0	0	0	0	0	0	0	0	0	0	0	0	0	1	0	0	5	0	0	0	0	0	0	0	1	0	0
Zotu169_P1_G01_8IZTPOCR_S505_N701	0	0	0	0	0	0	0	0	0	0	0	0	4	0	0	0	0	0	0	0	0	0	0	0	0	0	0
Zotu16_P1_C07_6IZPOC1J_S505_N704	0	0	0	0	0	32	0	0	0	0	0	0	0	0	0	0	0	0	0	0	0	0	0	0	0	0	0
Zotu16_P1_E03_55TRE137_S505_N702	0	0	0	0	0	0	0	0	0	612	0	0	0	0	0	0	1	0	0	0	0	0	0	0	0	0	657
Zotu171_P2_G03_2SHCN5C2J_S506_N708	0	0	0	0	0	0	0	0	0	0	0	0	0	0	0	0	0	0	0	0	0	0	0	8	0	0	0
Zotu172_P1_G01_8IZTPOCR_S505_N701	0	0	0	0	0	0	0	0	0	0	0	0	4	0	0	0	0	0	0	1	0	0	0	0	0	0	0
Zotu175_P2_E04_21MMC3b_S502_N709	0	0	0	0	0	0	0	0	3	0	0	0	0	0	0	0	0	0	0	0	7	0	0	0	0	0	0
Zotu176_P2_D03_12MMOC3R_S504_N708	0	0	0	0	0	0	0	0	0	0	0	0	0	0	0	0	0	8	0	0	0	0	0	0	0	0	0
Zotu17_P1_A04_10MMOC3J_S507_N702	0	59	0	0	0	0	0	0	0	0	0	0	0	0	0	0	0	0	0	0	0	0	0	0	0	0	0
Zotu18_P1_A04_10MMOC3J_S507_N702	0	49	0	0	0	322	0	0	0	0	3	0	0	0	0	0	0	0	0	0	0	0	0	0	0	0	0
Zotu191_P1_E02_21MMC3_S517_N701	0	0	0	0	0	0	0	0	6	0	0	0	0	0	0	0	0	0	0	0	8	0	0	0	0	0	0
Zotu19_P1_B09_9MMC3P_S505_N705	0	0	0	143	0	0	0	0	0	0	0	0	0	0	0	0	0	0	0	0	0	0	0	0	0	0	0
Zotu19_P1_C07_6IZPOC1J_S505_N704	0	0	0	0	0	25	0	0	0	0	0	0	0	0	0	0	0	0	0	0	0	0	0	0	0	0	0
Zotu19_P1_E03_55TRE137_S505_N702	0	0	0	0	0	0	0	0	0	413	0	0	0	0	0	522	0	0	0	0	0	0	0	0	0	0	0
Zotu1_P1_A04_10MMOC3J_S507_N702	0	1835	0	0	0	0	0	0	0	0	0	0	0	0	0	0	0	0	0	0	0	0	0	2	0	0	0
Zotu1_P1_C07_6IZPOC1J_S505_N704	0	0	0	0	0	1865	0	0	0	0	14	0	0	0	0	0	0	0	0	0	0	0	0	0	0	0	0
Zotu204_P2_D03_12MMOC3R_S504_N708	0	0	0	0	0	0	0	0	0	0	0	0	0	0	0	0	0	4	0	0	0	0	0	0	0	0	0
Zotu206_P2_E04_21MMC3b_S502_N709	0	0	0	0	0	0	0	0	1	0	0	0	0	0	0	0	0	0	0	0	4	0	0	0	0	0	0
Zotu208_P1_D05_13SHC4C1_S505_N703	0	0	0	0	0	0	8	0	0	0	0	0	0	0	0	0	0	0	0	0	0	0	0	0	0	0	0
Zotu209_P1_E02_21MMC3_S517_N701	0	0	0	0	0	0	0	0	5	0	0	0	0	0	0	0	0	0	0	0	2	0	0	0	0	0	0
Zotu20_P1_A04_10MMOC3J_S507_N702	0	39	0	0	0	0	0	0	0	0	0	0	0	0	0	0	0	0	0	0	0	0	0	0	0	0	0
Zotu21_P1_A04_10MMOC3J_S507_N702	0	36	0	0	0	0	0	0	0	0	0	0	0	0	0	0	0	0	0	0	0	0	0	0	0	0	0
Zotu220_P1_E02_21MMC3_S517_N701	0	0	0	0	0	0	0	0	4	0	0	0	0	1	0	0	0	0	10	0	0	0	0	0	0	0	0
Zotu222_P2_E04_21MMC3b_S502_N709	0	0	0	0	0	0	0	0	1	0	0	0	0	0	0	0	0	0	0	0	4	0	0	0	0	0	0
Zotu22_P1_A04_10MMOC3J_S507_N702	0	35	0	0	0	0	0	0	0	0	0	0	0	0	0	0	0	0	0	0	0	0	0	0	0	0	0
Zotu232_P2_A01_16IZPOC1_S502_N707	0	0	0	0	0	0	0	0	0	0	0	0	0	5	0	0	2	0	0	0	0	0	0	0	0	0	0
Zotu23_P1_A04_10MMOC3J_S507_N702	0	33	0	0	0	0	0	0	0	0	0	0	0	0	0	0	0	0	0	0	0	0	0	0	0	0	0
Zotu24_P1_A04_10MMOC3J_S507_N702	0	32	0	0	0	0	0	0	0	0	0	0	0	0	0	0	0	0	0	0	0	0	0	0	0	0	0
Zotu24_P1_C03_29TRE808_S504_N702	0	0	0	0	122	0	0	0	0	0	0	0	0	0	0	0	0	0	0	0	0	0	107	0	38	0	0
Zotu24_P1_C07_6IZPOC1J_S505_N704	0	0	0	0	0	20	0	0	0	0	0	0	0	0	0	0	0	0	0	0	0	0	0	0	0	0	0
Zotu252_P1_D05_13SHC4C1_S505_N703	0	0	1	0	0	0	4	0	0	0	1	0	0	0	0	0	0	0	0	0	0	0	0	0	0	3	0
Zotu25_P1_A04_10MMOC3J_S507_N702	0	29	0	0	0	0	0	0	0	0	0	0	0	0	0	0	0	0	0	0	0	0	0	0	0	0	0
Zotu25_P1_C07_6IZPOC1J_S505_N704	0	0	0	0	0	20	0	0	0	0	0	0	0	0	0	0	0	0	0	0	0	0	0	0	0	0	0
Zotu25_P1_D05_13SHC4C1_S505_N703	0	2	0	0	0	0	259	0	0	0	0	0	0	0	0	0	0	0	0	0	0	0	0	0	0	90	0
Zotu26_P1_A04_10MMOC3J_S507_N702	0	28	0	0	0	0	0	0	0	0	0	0	0	0	0	0	0	0	0	0	0	0	0	0	0	0	0
Zotu27_P1_A04_10MMOC3J_S507_N702	0	27	0	0	0	0	0	0	0	0	0	0	0	0	0	0	0	0	0	0	0	0	0	0	0	0	0
Zotu27_P1_C07_6IZPOC1J_S505_N704	0	0	0	0	0	16	0	0	0	0	0	0	0	0	0	0	0	0	0	0	0	0	0	0	0	0	0
Zotu28_P1_A04_10MMOC3J_S507_N702	0	26	0	0	0	0	0	0	0	0	0	0	0	0	0	0	0	0	0	0	0	0	0	0	0	0	0
Zotu28_P1_C03_29TRE808_S504_N702	0	0	0	0	110	0	0	0	0	0	0	0	0	0	0	0	0	0	0	0	0	0	0	0	68	0	0
Zotu28_P1_C07_6IZPOC1J_S505_N704	0	0	0	0	0	13	0	0	0	0	0	0	0	0	0	0	0	0	0	0	0	0	0	0	0	0	0
Zotu29_P1_A04_10MMOC3J_S507_N702	0	25	0	0	0	0	0	0	0	0	0	0	0	0	0	0	0	0	0	0	0	0	0	0	0	0	0
Zotu2_P1_A04_10MMOC3J_S507_N702	0	747	0	0	0	0	0	0	0	0	0	0	0	0	0	0	0	0	0	0	0	0	0	0	0	0	0
Zotu30_P1_A04_10MMOC3J_S507_N702	0	23	0	0	0	0	0	0	0	0	0	0	0	0	0	0	0	0	0	0	0	0	0	0	0	0	0
Zotu30_P1_C07_6IZPOC1J_S505_N704	0	0	0	0	0	13	0	0	0	0	0	0	0	0	0	0	0	0	0	0	0	0	0	0	0	0	0
Zotu31_P1_A04_10MMOC3J_S507_N702	0	21	0	0	0	0	0	0	0	0	0	0	0	0	0	0	0	0	0	0	0	0	0	0	0	0	0
Zotu32_P1_A04_10MMOC3J_S507_N702	0	20	0	0	0	0	0	0	0	0	0	0	0	0	0	0	0	0	0	0	0	0	0	0	0	0	0
Zotu32_P1_C07_6IZPOC1J_S505_N704	0	0	0	0	0	12	0	0	0	0	0	0	0	0	0	0	0	0	0	0	0	0	0	0	0	0	0
Zotu33_P1_C07_6IZPOC1J_S505_N704	0	0	0	0	0	12	0	0	0	0	0	0	0	0	0	0	0	0	0	0	0	0	0	0	0	0	0
Zotu34_P1_A04_10MMOC3J_S507_N702	0	17	0	0	0	0	0	0	0	0	0	0	0	0	0	0	0	0	0	0	0	0	0	0	0	0	0
Zotu35_P1_A04_10MMOC3J_S507_N702	0	17	0	0	0	0	0	0	0	0	0	0	0	0	0	0	0	0	0	0	0	0	0	0	0	0	0
Zotu36_P1_A04_10MMOC3J_S507_N702	0	15	0	0	0	0	0	0	0	0	0	0	0	0	0	0	0	0	0	0	0	0	0	0	0	0	0
Zotu37_P1_A04_10MMOC3J_S507_N702	0	14	0	0	0	0	0	0	0	0	0	0	0	0	0	0	0	0	0	0	0	0	0	0	0	0	0
Zotu37_P1_C07_6IZPOC1J_S505_N704	0	0	0	0	0	10	0	0	0	0	0	0	0	0	0	0	0	0	0	0	0	0	0	0	0	0	0
Zotu38_P1_A04_10MMOC3J_S507_N702	0	14	0	0	0	0	0	0	0	0	0	0	0	0	0	0	0	0	0	0	0	0	0	0	0	0	0
Zotu38_P1_D10_4SHC5C2R_S502_N706	0	0	0	0	0	0	0	126	0	0	0	0	0	0	0	0	0	0	0	0	0	0	0	0	0	0	0
Zotu39_P1_A04_10MMOC3J_S507_N702	0	14	0	0	0	0	0	0	0	0	0	0	0	0	0	0	0	0	0	0	0	0	0	0	0	0	0
Zotu39_P1_C03_29TRE808_S504_N702	0	0	0	0	77	0	0	0	0	0	0	0	0	0	0	0	0	0	0	0	0	0	150	0	0	0	0
Zotu39_P1_C07_6IZPOC1J_S505_N704	0	0	0	0	0	9	0	0	0	0	0	0	0	0	0	0	0	0	0	0	0	0	0	0	0	0	0
Zotu3_P1_A04_10MMOC3J_S507_N702	0	306	0	0	0	0	0	0	0	0	0	0	0	0	0	0	0	0	0	0	0	0	0	0	0	0	0
Zotu40_P1_C07_6IZPOC1J_S505_N704	0	0	0	0	0	9	0	0	0	0	0	0	0	0	0	0	0	0	0	0	0	0	0	0	0	0	0
Zotu40_P2_D03_12MMOC3R_S504_N708	0	0	0	0	0	0	0	0	0	0	0	0	0	0	0	0	0	266	0	0	0	0	0	0	0	0	0
Zotu41_P1_A04_10MMOC3J_S507_N702	0	13	0	0	0	0	0	0	0	0	0	0	0	0	0	0	0	0	0	0	0	0	0	0	0	0	0
Zotu41_P1_C07_6IZPOC1J_S505_N704	0	0	0	0	0	7	0	0	0	0	0	0	0	0	0	0	0	0	0	0	0	0	0	0	0	0	0
Zotu42_P1_A04_10MMOC3J_S507_N702	0	12	0	0	0	0	0	0	0	0	0	0	0	0	0	0	0	0	0	0	0	0	0	0	0	0	0
Zotu42_P1_C07_6IZPOC1J_S505_N704	0	0	0	0	0	7	0	0	0	0	0	0	0	0	0	0	0	0	0	0	0	0	0	0	0	0	0
Zotu43_P1_A04_10MMOC3J_S507_N702	0	12	0	0	0	0	0	0	0	0	0	0	0	0	0	0	0	0	0	0	0	0	0	0	0	0	0
Zotu44_P1_A04_10MMOC3J_S507_N702	0	12	0	0	0	0	0	0	0	0	0	0	0	0	0	0	0	0	0	0	0	0	0	0	0	0	0
Zotu44_P1_C07_6IZPOC1J_S505_N704	0	0	0	0	0	5	0	0	0	0	0	0	0	0	0	0	0	0	0	0	0	0	0	0	0	0	0
Zotu44_P2_D03_12MMOC3R_S504_N708	0	0	0	0	0	0	0	0	0	0	0	0	0	0	0	0	0	212	0	0	0	0	0	0	0	0	0
Zotu46_P1_C07_6IZPOC1J_S505_N704	0	0	0	0	0	4	0	0	0	0	0	0	0	0	0	0	0	0	0	0	0	0	0	0	0	0	0
Zotu47_P1_A04_10MMOC3J_S507_N702	0	10	0	0	0	0	0	0	0	0	0	0	0	0	0	0	0	0	0	0	0	0	0	0	0	0	0
Zotu48_P1_A04_10MMOC3J_S507_N702	0	10	0	0	0	0	0	0	0	0	0	0	0	0	0	0	0	0	0	0	0	0	0	0	0	0	0
Zotu49_P1_A04_10MMOC3J_S507_N702	0	10	0	0	0	0	0	0	0	0	0	0	0	0	0	0	0	0	0	0	0	0	0	0	0	0	0
Zotu49_P1_E03_55TRE137_S505_N702	0	1	0	0	0	0	0	0	0	60	0	1	0	0	0	74	0	0	0	0	0	1	0	0	0	0	0
Zotu4_P1_A04_10MMOC3J_S507_N702	0	268	0	0	0	0	0	0	0	0	0	0	0	0	0	0	0	0	0	0	0	0	0	0	0	0	0
Zotu4_P1_C07_6IZPOC1J_S505_N704	0	0	0	0	0	214	0	0	0	0	0	0	0	0	0	0	0	0	0	0	0	0	0	0	0	0	0
Zotu50_P1_A04_10MMOC3J_S507_N702	0	10	0	0	0	0	0	0	0	0	0	0	0	0	0	0	0	0	0	0	0	0	0	0	0	0	0
Zotu50_P1_E02_21MMC3_S517_N701	0	0	0	0	0	0	0	0	83	0	0	0	0	0	0	0	0	0	0	0	137	0	0	0	0	0	0
Zotu51_P1_A04_10MMOC3J_S507_N702	0	10	0	0	0	0	0	0	0	0	0	0	0	0	0	0	0	0	0	0	0	0	0	0	0	0	0
Zotu52_P1_C07_6IZPOC1J_S505_N704	0	0	0	0	0	4	0	0	0	0	0	0	0	0	0	0	0	0	0	0	0	0	0	0	0	0	0
Zotu53_P1_A04_10MMOC3J_S507_N702	0	9	0	0	0	0	0	0	0	0	0	0	0	0	0	0	0	0	0	0	0	0	0	0	0	0	0
Zotu53_P1_B09_9MMC3P_S505_N705	0	0	0	14	0	0	0	0	0	0	0	0	0	0	0	0	0	0	0	0	0	0	0	0	0	0	0
Zotu53_P1_C03_29TRE808_S504_N702	0	0	0	0	46	0	0	0	0	0	0	0	0	0	0	0	0	0	0	0	0	0	0	0	12	0	0
Zotu54_P1_A04_10MMOC3J_S507_N702	0	9	0	0	0	0	0	0	0	0	0	0	0	0	0	0	0	0	0	0	0	0	0	0	0	0	0
Zotu54_P1_E03_55TRE137_S505_N702	0	0	0	0	0	0	0	0	0	31	0	0	0	0	0	0	0	0	0	0	0	0	0	0	0	0	38
Zotu55_P1_A04_10MMOC3J_S507_N702	0	9	0	0	0	0	0	0	0	0	0	0	0	0	0	0	0	0	0	0	0	0	0	0	0	0	0
Zotu55_P1_C03_29TRE808_S504_N702	0	0	0	0	45	0	0	0	0	0	0	0	0	0	0	0	0	0	0	0	0	0	0	0	24	0	0
Zotu56_P1_A04_10MMOC3J_S507_N702	0	8	0	0	0	0	0	0	0	0	0	0	0	0	0	0	0	0	0	0	0	0	0	0	0	0	0
Zotu56_P1_D10_4SHC5C2R_S502_N706	0	0	0	0	0	0	0	8	0	0	0	0	0	0	0	0	0	0	0	0	0	0	0	0	0	0	0
Zotu57_P1_A04_10MMOC3J_S507_N702	0	8	0	0	0	0	0	0	0	0	0	0	0	0	0	0	0	0	0	0	0	0	0	0	0	0	0
Zotu58_P1_A04_10MMOC3J_S507_N702	0	8	0	0	0	0	0	0	0	0	0	0	0	0	0	0	0	0	0	0	0	0	0	0	0	0	0
Zotu59_P1_A04_10MMOC3J_S507_N702	0	7	0	0	0	0	0	0	0	0	0	0	0	0	0	0	0	0	0	0	0	0	0	0	0	0	0
Zotu5_P1_A04_10MMOC3J_S507_N702	0	173	0	0	0	0	0	0	0	0	0	0	0	0	0	0	0	0	0	0	0	0	0	0	0	0	0
Zotu5_P1_C07_6IZPOC1J_S505_N704	0	0	0	0	0	107	0	0	0	0	0	0	0	0	0	0	0	0	0	0	0	0	0	0	0	0	0
Zotu5_P1_F07_5IZPOC1P_S507_N704	0	0	0	0	0	0	0	0	0	0	109	0	22	75	0	0	56	0	0	0	0	0	0	0	0	0	0
Zotu60_P1_A04_10MMOC3J_S507_N702	0	7	0	0	0	0	0	0	0	0	0	0	0	0	0	0	0	0	0	0	0	0	0	0	0	0	0
Zotu61_P1_A04_10MMOC3J_S507_N702	0	7	0	0	0	0	0	0	0	0	0	0	0	0	0	0	0	0	0	0	0	0	0	0	0	0	0
Zotu61_P1_C03_29TRE808_S504_N702	0	0	0	0	32	0	0	0	0	0	0	0	0	0	0	0	0	0	0	0	0	0	0	0	25	0	0
Zotu62_P1_A04_10MMOC3J_S507_N702	0	7	0	0	0	0	0	0	0	0	0	0	0	0	0	0	0	0	0	0	0	0	0	0	0	0	0
Zotu66_P1_A04_10MMOC3J_S507_N702	0	6	0	0	0	0	0	0	0	0	0	0	0	0	0	0	0	0	0	0	0	0	0	0	0	0	0
Zotu66_P1_E02_21MMC3_S517_N701	0	0	0	0	0	0	0	0	46	0	0	0	0	0	0	0	0	0	66	0	0	0	0	0	0	0	0
Zotu69_P1_A04_10MMOC3J_S507_N702	0	4	0	0	0	0	0	0	0	0	0	0	0	0	0	0	0	0	0	0	0	0	0	0	0	0	0
Zotu6_P1_A04_10MMOC3J_S507_N702	0	160	0	0	0	0	0	0	0	0	0	0	0	0	0	0	0	0	0	0	0	0	0	0	0	0	0
Zotu6_P1_C07_6IZPOC1J_S505_N704	0	0	0	0	0	100	0	0	0	0	0	0	0	0	0	0	0	0	0	0	0	0	0	0	0	0	0
Zotu6_P2_D03_12MMOC3R_S504_N708	0	0	0	0	0	0	0	0	0	0	0	0	0	0	0	0	0	2151	0	0	0	0	0	0	0	0	0
Zotu70_P1_C03_29TRE808_S504_N702	0	0	0	0	25	0	0	0	0	0	0	0	0	0	0	0	0	0	0	0	0	0	48	0	0	0	0
Zotu71_P1_A04_10MMOC3J_S507_N702	0	4	0	0	0	0	0	0	0	0	0	0	0	0	0	0	0	0	0	0	0	0	0	0	0	0	0
Zotu73_P1_A04_10MMOC3J_S507_N702	0	4	0	0	0	0	0	0	0	0	0	0	0	0	0	0	0	0	0	0	0	0	0	0	0	0	0
Zotu73_P1_C03_29TRE808_S504_N702	0	0	0	0	23	0	0	0	0	3	0	0	0	0	0	1	0	0	0	0	0	0	0	0	31	0	0
Zotu73_P1_G01_8IZTPOCR_S505_N701	0	0	0	0	0	0	0	0	0	0	0	0	27	0	0	0	0	0	0	0	0	0	0	0	0	0	0
Zotu74_P1_A04_10MMOC3J_S507_N702	0	4	0	0	0	0	0	0	0	0	0	0	0	0	0	0	0	0	0	0	0	0	0	0	0	0	0
Zotu7_P1_A04_10MMOC3J_S507_N702	0	153	0	0	0	0	0	0	0	0	0	0	0	0	0	0	0	0	0	0	0	0	0	0	0	0	0
Zotu7_P1_C07_6IZPOC1J_S505_N704	0	0	0	0	0	92	0	0	0	0	0	0	0	0	0	0	0	0	0	0	0	0	0	0	0	0	0
Zotu82_P1_C03_29TRE808_S504_N702	0	1	0	0	19	0	0	0	0	0	0	0	0	0	0	0	0	0	0	0	0	0	24	0	0	0	0
Zotu83_P1_C03_29TRE808_S504_N702	0	0	0	0	18	0	0	0	0	0	0	0	0	0	0	0	0	0	0	0	0	0	0	0	17	0	0
Zotu84_P2_D03_12MMOC3R_S504_N708	0	0	0	0	0	0	0	0	0	0	0	0	0	0	0	0	0	70	0	0	0	0	0	0	0	0	0
Zotu86_P1_C03_29TRE808_S504_N702	0	0	0	0	18	0	2	0	0	0	0	0	0	0	0	0	0	0	0	0	0	0	63	0	0	0	0
Zotu8_P1_A04_10MMOC3J_S507_N702	0	145	0	0	0	0	0	0	0	0	0	0	0	0	0	0	0	0	0	0	0	0	0	0	0	0	0
Zotu8_P1_C03_29TRE808_S504_N702	0	0	0	0	545	0	0	0	0	0	0	0	0	0	0	0	0	0	0	0	0	0	0	0	269	0	0
Zotu93_P2_D03_12MMOC3R_S504_N708	0	0	0	0	0	0	0	0	0	0	0	0	0	0	0	0	0	58	0	0	0	0	0	0	0	0	0
Zotu96_P2_F04_29TRE808a_S503_N709	0	0	0	0	1	0	0	0	0	0	0	0	0	0	0	0	0	0	0	0	0	0	5	0	0	0	0
Zotu97_P1_E02_21MMC3_S517_N701	0	0	0	0	0	0	0	0	28	0	0	0	0	0	0	0	0	0	0	0	22	0	0	0	0	0	0
Zotu99_P1_B09_9MMC3P_S505_N705	0	0	0	5	0	0	0	0	0	0	0	0	0	0	0	0	0	0	0	0	0	0	0	0	0	0	0
Zotu99_P1_D05_13SHC4C1_S505_N703	0	0	0	0	0	0	52	0	0	0	0	0	0	0	0	0	0	0	0	0	0	0	0	0	0	15	0
Zotu9_P1_A04_10MMOC3J_S507_N702	0	130	0	0	0	0	0	0	0	0	0	0	0	0	0	0	0	0	0	0	0	0	0	0	0	0	0
