#OTU ID	P1_A01_32TCONS2_S502_N701	P1_A04_10MMOC3J_S507_N702	P1_C03_29TRE808_S504_N702	P1_C07_6IZPOC1J_S505_N704	P1_C11_7IZPOC1W_S506_N706	P1_D02_3SHCO5C2_S508_N701	P1_D05_13SHC4C1_S505_N703	P1_E02_21MMC3_S517_N701	P1_E03_55TRE137_S505_N702	P1_F08_41TDIST2_S503_N705	P1_G01_8IZTPOCR_S505_N701	P1_H04_19MMC1_S503_N703	P2_A01_16IZPOC1_S502_N707	P2_A03_11MMOC3W_S502_N708	P2_A05_55TRE137b_S506_N709	P2_B05_16IZPOC1a_S507_N709	P2_C05_16IZPOC1b_S508_N709	P2_D05_41TDIST2a_S517_N709	P2_E04_21MMC3b_S502_N709	P2_E05_41TDIST2b_S502_N710	P2_G03_2SHCN5C2J_S506_N708	P2_G04_29TRE808b_S504_N709	P2_G05_13SHC4a_S504_N710	P2_H04_55TRE137a_S505_N709	P2_H05_19MMC1a_S505_N710
Zotu100_P1_F08_41TDIST2_S503_N705	0	0	0	0	0	0	0	0	0	27	0	0	0	0	0	0	0	0	0	38	0	0	0	0	0
Zotu101_P1_F08_41TDIST2_S503_N705	0	0	0	0	0	0	0	0	0	26	0	0	0	0	0	0	0	0	0	37	0	0	0	0	0
Zotu102_P1_D05_13SHC4C1_S505_N703	0	0	0	0	0	0	47	0	0	0	0	0	0	0	0	0	0	0	0	0	0	0	14	0	0
Zotu103_P1_F08_41TDIST2_S503_N705	1	0	0	0	0	0	0	0	0	26	0	0	0	0	0	0	0	0	0	40	0	0	0	0	0
Zotu104_P1_E02_21MMC3_S517_N701	0	0	0	0	0	0	0	23	0	0	0	0	0	0	0	0	0	0	28	0	0	0	0	0	0
Zotu106_P1_D05_13SHC4C1_S505_N703	0	0	0	0	0	0	43	0	0	0	0	0	0	0	0	0	0	0	0	0	0	0	25	0	0
Zotu109_P1_F08_41TDIST2_S503_N705	0	0	0	0	0	0	0	0	0	23	0	0	0	0	0	0	0	0	0	17	0	0	0	0	0
Zotu110_P1_D05_13SHC4C1_S505_N703	0	0	0	0	0	0	39	0	0	0	0	0	0	0	0	0	0	0	0	0	0	0	4	0	0
Zotu110_P1_E02_21MMC3_S517_N701	0	0	0	0	0	0	0	21	0	0	0	0	0	0	0	0	0	0	33	0	0	0	0	0	0
Zotu111_P2_G03_2SHCN5C2J_S506_N708	0	0	0	0	0	0	0	0	0	0	0	0	0	0	0	0	0	0	0	0	13	0	0	0	0
Zotu112_P1_F08_41TDIST2_S503_N705	0	0	0	0	0	0	0	0	0	21	0	0	0	0	0	0	0	0	0	21	0	0	0	0	0
Zotu112_P2_A01_16IZPOC1_S502_N707	0	0	0	0	0	0	0	0	0	0	0	0	17	0	0	12	0	0	0	0	0	0	0	0	0
Zotu116_P1_A01_32TCONS2_S502_N701	16	0	0	0	0	0	10	0	0	0	0	10	0	0	0	0	0	0	0	0	0	0	2	0	0
Zotu117_P1_C03_29TRE808_S504_N702	0	0	9	0	0	0	0	0	1	87	0	0	0	0	0	0	0	1	0	93	1	8	0	0	0
Zotu117_P1_E02_21MMC3_S517_N701	0	0	0	0	0	0	0	18	0	0	0	0	0	0	0	0	0	0	21	0	0	0	0	0	0
Zotu117_P1_F08_41TDIST2_S503_N705	0	0	0	0	0	0	0	0	0	20	0	0	0	0	0	0	0	0	0	23	0	0	0	1	0
Zotu118_P2_A01_16IZPOC1_S502_N707	0	0	0	0	0	0	0	0	0	0	0	0	16	0	0	5	0	0	0	0	0	0	0	0	0
Zotu119_P1_D05_13SHC4C1_S505_N703	0	0	0	0	0	0	35	0	0	0	0	0	0	0	0	0	0	0	0	0	0	0	11	0	0
Zotu119_P1_F08_41TDIST2_S503_N705	0	0	0	0	0	0	0	0	0	19	0	0	0	0	0	0	0	0	0	29	0	0	0	0	0
Zotu11_P1_A01_32TCONS2_S502_N701	1066	0	0	0	0	0	0	0	0	0	0	1170	0	0	0	0	0	0	0	0	6	0	0	0	0
Zotu120_P1_D05_13SHC4C1_S505_N703	0	0	0	0	0	0	35	0	0	0	0	0	0	0	0	0	0	0	0	0	0	0	25	0	0
Zotu120_P1_E02_21MMC3_S517_N701	0	0	0	0	0	0	0	17	0	0	0	0	0	0	0	0	0	0	19	0	0	0	0	0	0
Zotu120_P2_A01_16IZPOC1_S502_N707	0	0	0	0	0	0	0	0	0	0	0	0	16	0	0	25	0	0	0	0	0	0	0	0	0
Zotu121_P1_A01_32TCONS2_S502_N701	13	1	0	0	0	0	377	9	0	0	1	28	0	19	0	0	0	0	25	0	0	0	120	0	0
Zotu121_P1_H04_19MMC1_S503_N703	0	0	0	0	0	0	0	0	0	0	0	6	0	0	0	0	0	0	0	0	0	0	0	0	0
Zotu121_P2_A01_16IZPOC1_S502_N707	0	0	0	0	0	0	0	0	0	0	0	0	16	0	0	9	0	0	0	0	0	0	0	0	0
Zotu122_P2_E05_41TDIST2b_S502_N710	0	0	0	0	0	0	0	0	0	10	0	0	0	0	0	0	0	0	0	15	0	0	0	0	0
Zotu124_P1_F08_41TDIST2_S503_N705	0	0	0	0	0	0	0	0	0	15	0	0	0	0	0	0	0	0	0	15	0	0	0	0	0
Zotu125_P1_D05_13SHC4C1_S505_N703	0	0	0	0	0	0	32	0	0	0	0	0	0	0	0	0	0	0	0	0	0	0	12	0	0
Zotu125_P2_A01_16IZPOC1_S502_N707	0	0	0	0	0	0	0	0	0	0	0	0	15	0	0	15	0	0	0	0	0	0	0	0	0
Zotu126_P1_G01_8IZTPOCR_S505_N701	0	0	0	0	0	0	0	0	0	0	10	0	0	0	0	0	0	0	0	0	0	0	0	0	0
Zotu127_P1_A01_32TCONS2_S502_N701	12	0	0	0	0	0	0	0	0	0	0	14	0	0	0	0	0	0	0	0	0	0	0	0	0
Zotu129_P1_E02_21MMC3_S517_N701	0	0	0	0	0	0	0	14	0	0	0	0	0	1	0	0	0	0	11	0	0	0	0	0	0
Zotu133_P1_A01_32TCONS2_S502_N701	10	0	0	0	0	0	81	0	0	0	0	5	0	0	0	0	0	0	0	0	0	0	38	0	0
Zotu134_P1_A01_32TCONS2_S502_N701	10	0	0	0	0	0	0	0	0	0	0	10	0	0	0	0	0	0	0	0	0	0	0	0	0
Zotu134_P1_C03_29TRE808_S504_N702	0	0	6	0	0	0	0	0	0	0	0	0	0	0	0	0	0	0	0	0	0	2	0	0	0
Zotu135_P1_A01_32TCONS2_S502_N701	10	0	0	0	0	0	36	0	0	0	0	5	0	0	0	0	0	0	0	0	0	0	19	0	0
Zotu135_P1_F08_41TDIST2_S503_N705	8	0	0	0	0	0	0	0	0	12	0	9	0	0	0	0	0	0	0	19	0	0	0	0	0
Zotu139_P1_A01_32TCONS2_S502_N701	9	0	0	0	0	0	0	0	0	0	0	6	0	0	0	0	0	0	0	0	0	0	0	0	0
Zotu139_P1_C03_29TRE808_S504_N702	0	0	6	0	0	0	0	0	0	0	0	0	0	0	0	0	0	0	0	0	0	16	0	0	0
Zotu139_P1_H04_19MMC1_S503_N703	3	0	0	0	0	0	0	0	0	0	0	4	0	0	0	0	0	0	0	0	0	0	0	0	0
Zotu139_P2_E04_21MMC3b_S502_N709	0	0	0	0	0	0	0	3	0	0	0	0	0	0	0	0	0	0	11	0	0	0	0	0	0
Zotu140_P1_A01_32TCONS2_S502_N701	9	0	0	0	0	0	33	0	0	92	0	10	0	0	0	0	0	0	0	98	2	0	10	0	0
Zotu140_P1_D05_13SHC4C1_S505_N703	0	0	0	0	0	0	26	0	0	0	0	0	0	0	0	0	0	0	0	0	0	0	10	0	0
Zotu140_P2_A01_16IZPOC1_S502_N707	0	0	0	0	0	0	0	0	0	0	0	0	13	0	0	10	0	0	0	0	0	0	0	0	0
Zotu140_P2_E05_41TDIST2b_S502_N710	0	0	0	0	0	0	0	0	0	3	0	0	0	0	0	0	0	0	0	8	0	0	0	0	0
Zotu141_P2_A01_16IZPOC1_S502_N707	0	0	0	0	0	0	0	0	0	0	0	0	13	0	0	9	0	0	0	0	0	0	0	0	0
Zotu142_P1_A01_32TCONS2_S502_N701	9	0	0	0	0	0	0	0	0	0	0	17	0	0	0	0	0	0	0	0	0	0	0	0	0
Zotu142_P1_E02_21MMC3_S517_N701	0	0	0	0	0	0	0	11	0	0	0	0	0	0	0	0	0	0	7	0	0	0	0	0	0
Zotu142_P1_F08_41TDIST2_S503_N705	0	0	0	0	0	0	0	0	1	12	0	0	0	0	0	0	0	0	0	11	0	0	0	0	0
Zotu142_P2_G03_2SHCN5C2J_S506_N708	0	0	0	0	0	0	0	0	0	0	0	0	0	0	0	0	0	0	0	0	10	0	0	0	0
Zotu143_P1_A01_32TCONS2_S502_N701	9	0	0	0	0	0	0	0	0	0	0	8	0	0	0	0	0	0	0	0	2	0	0	0	0
Zotu143_P2_A01_16IZPOC1_S502_N707	0	0	0	0	0	0	0	0	0	0	0	0	12	0	0	9	0	0	0	0	0	0	0	0	0
Zotu144_P1_A01_32TCONS2_S502_N701	8	0	0	0	0	0	0	0	0	0	0	21	0	0	0	0	0	0	0	0	0	0	0	0	0
Zotu147_P1_A01_32TCONS2_S502_N701	7	0	0	0	0	0	1	0	0	0	0	4	0	0	0	0	0	0	0	0	0	0	0	0	0
Zotu147_P2_A01_16IZPOC1_S502_N707	0	0	0	0	0	0	0	0	0	0	0	0	12	0	0	10	0	0	0	0	0	0	0	0	0
Zotu147_P2_B05_16IZPOC1a_S507_N709	0	0	0	0	0	0	0	0	0	0	0	0	1	0	0	6	0	0	0	0	0	0	0	0	0
Zotu148_P1_H04_19MMC1_S503_N703	0	0	0	0	0	0	0	0	0	0	0	4	0	0	0	0	0	0	0	0	0	0	0	0	0
Zotu14_P1_A01_32TCONS2_S502_N701	892	0	0	0	0	0	0	0	0	0	0	1054	0	0	0	0	0	0	0	0	0	0	0	0	0
Zotu151_P1_H04_19MMC1_S503_N703	0	0	0	0	0	0	0	0	0	0	0	4	126	0	0	108	0	0	0	0	1	0	0	0	0
Zotu153_P1_E02_21MMC3_S517_N701	2	0	0	0	0	0	3	10	0	0	0	0	3	5	0	2	0	0	9	0	0	0	0	0	0
Zotu153_P2_A01_16IZPOC1_S502_N707	0	0	0	0	0	0	0	0	0	0	0	0	10	0	0	8	0	0	0	0	0	0	0	0	0
Zotu154_P2_A01_16IZPOC1_S502_N707	0	0	0	0	0	0	0	0	0	0	1	0	10	0	0	3	0	0	0	0	0	0	0	0	0
Zotu155_P1_C03_29TRE808_S504_N702	0	0	4	0	0	0	0	0	0	0	0	0	0	0	0	0	0	0	0	0	10	2	0	0	0
Zotu156_P1_A01_32TCONS2_S502_N701	6	0	0	0	0	0	52	0	0	0	0	3	0	0	0	0	0	0	0	0	0	0	23	0	0
Zotu156_P1_F08_41TDIST2_S503_N705	0	0	0	0	0	0	0	0	0	8	0	0	0	0	0	0	0	0	0	12	0	0	0	0	0
Zotu157_P1_D05_13SHC4C1_S505_N703	0	0	0	0	0	0	22	0	0	0	0	0	0	0	0	0	0	0	0	0	0	0	10	0	0
Zotu15_P2_A03_11MMOC3W_S502_N708	0	0	0	0	0	0	0	0	0	0	0	0	0	107	0	0	0	0	0	0	0	0	0	0	0
Zotu161_P2_B05_16IZPOC1a_S507_N709	0	0	0	0	0	0	0	0	0	0	0	0	2	0	0	5	0	0	0	0	0	0	0	0	0
Zotu164_P1_E02_21MMC3_S517_N701	0	0	0	0	0	0	0	8	0	0	0	0	0	0	0	0	0	0	9	0	0	0	0	0	0
Zotu165_P2_A01_16IZPOC1_S502_N707	0	0	0	0	0	0	0	0	0	0	0	0	9	0	0	9	0	0	0	0	0	0	0	0	0
Zotu166_P1_D05_13SHC4C1_S505_N703	0	0	0	0	0	0	16	0	0	0	0	0	0	0	0	0	0	0	0	0	0	0	1	0	0
Zotu167_P1_F08_41TDIST2_S503_N705	0	0	0	0	0	0	0	0	0	5	0	0	0	0	0	0	0	0	0	7	0	0	0	0	0
Zotu167_P2_E04_21MMC3b_S502_N709	0	0	0	0	0	0	0	3	0	0	0	0	0	0	0	0	0	0	7	0	0	0	0	0	0
Zotu170_P1_E02_21MMC3_S517_N701	0	0	0	0	0	0	0	8	0	0	0	0	0	0	0	0	0	0	8	0	0	0	0	0	0
Zotu170_P1_F08_41TDIST2_S503_N705	0	0	0	0	0	0	0	0	0	5	0	0	0	0	0	0	0	0	0	13	0	0	0	0	0
Zotu170_P2_A01_16IZPOC1_S502_N707	0	0	0	0	0	0	0	0	0	0	0	0	9	0	0	15	0	0	0	0	0	0	0	0	0
Zotu172_P2_A01_16IZPOC1_S502_N707	0	0	0	0	0	0	0	0	0	0	0	0	8	0	0	2	0	0	0	0	0	0	0	0	0
Zotu176_P2_A01_16IZPOC1_S502_N707	0	0	0	0	0	0	0	0	0	0	0	0	8	0	0	7	0	0	0	0	0	0	0	0	0
Zotu178_P1_D05_13SHC4C1_S505_N703	0	0	0	0	0	0	12	0	0	0	0	0	0	0	0	0	0	0	0	0	0	0	3	0	0
Zotu179_P1_D05_13SHC4C1_S505_N703	0	0	0	0	0	0	12	0	0	0	0	0	0	0	0	0	0	0	0	0	0	0	1	0	0
Zotu186_P2_A01_16IZPOC1_S502_N707	0	0	0	0	0	0	0	0	0	0	0	0	7	0	0	6	0	0	0	0	0	0	0	0	0
Zotu186_P2_G03_2SHCN5C2J_S506_N708	0	0	0	0	0	0	0	0	0	0	0	0	0	0	0	0	0	0	0	0	7	0	0	0	0
Zotu188_P1_D05_13SHC4C1_S505_N703	0	0	0	0	0	0	11	0	0	0	0	0	5	0	0	7	0	0	0	0	0	0	5	0	0
Zotu188_P2_A01_16IZPOC1_S502_N707	0	0	0	0	0	0	0	0	0	0	0	0	7	0	0	3	0	0	0	0	0	0	0	0	0
Zotu188_P2_E04_21MMC3b_S502_N709	0	0	0	0	0	0	0	3	0	0	0	0	0	0	0	0	0	0	5	0	0	0	0	0	0
Zotu189_P1_D05_13SHC4C1_S505_N703	0	0	0	0	0	0	11	0	0	0	0	0	0	0	0	0	0	0	0	0	0	0	0	0	0
Zotu192_P2_G03_2SHCN5C2J_S506_N708	0	0	0	0	0	0	0	0	0	0	0	0	0	0	0	0	0	0	0	0	7	0	0	0	0
Zotu193_P1_D05_13SHC4C1_S505_N703	0	0	0	0	0	0	10	0	0	0	0	0	0	0	0	0	0	0	0	0	0	0	0	0	0
Zotu196_P2_G03_2SHCN5C2J_S506_N708	0	0	0	0	0	0	0	0	0	0	0	0	0	0	0	0	0	0	0	0	6	0	0	0	0
Zotu198_P2_A01_16IZPOC1_S502_N707	0	0	0	0	0	0	0	0	0	0	0	0	6	0	0	9	0	0	0	0	0	0	0	0	0
Zotu199_P1_E02_21MMC3_S517_N701	0	0	0	0	0	0	0	5	0	0	0	0	0	0	0	0	0	0	3	0	0	0	0	0	0
Zotu199_P2_A01_16IZPOC1_S502_N707	0	0	0	0	0	0	0	0	0	0	0	0	6	0	0	6	0	0	0	0	0	0	0	0	0
Zotu200_P1_D05_13SHC4C1_S505_N703	0	0	0	0	0	0	9	0	0	0	0	0	0	0	0	0	0	0	0	0	0	0	8	0	0
Zotu200_P1_E02_21MMC3_S517_N701	0	0	0	0	0	0	0	5	0	0	0	0	0	0	0	0	0	0	3	0	0	0	0	0	0
Zotu201_P2_E04_21MMC3b_S502_N709	0	0	0	0	0	0	0	3	0	0	0	0	0	0	0	0	0	0	5	0	0	0	0	0	0
Zotu202_P2_G03_2SHCN5C2J_S506_N708	0	0	0	0	0	0	0	0	0	0	0	0	0	0	0	0	0	0	0	0	6	0	0	0	0
Zotu203_P1_E02_21MMC3_S517_N701	0	0	0	0	0	0	0	5	0	0	0	0	0	0	0	0	0	0	3	0	0	0	0	0	0
Zotu203_P2_A01_16IZPOC1_S502_N707	0	0	0	0	0	0	0	0	0	0	0	0	6	0	0	5	0	0	0	0	0	0	0	0	0
Zotu208_P2_G03_2SHCN5C2J_S506_N708	0	0	0	0	0	0	0	0	0	0	0	0	0	0	0	0	0	0	0	0	6	0	0	0	0
Zotu213_P1_E02_21MMC3_S517_N701	0	0	0	0	0	0	0	4	0	0	0	0	0	0	0	0	0	0	5	0	0	0	0	0	0
Zotu213_P2_A01_16IZPOC1_S502_N707	0	0	0	0	0	0	0	0	0	0	0	0	5	0	0	6	0	0	0	0	0	0	0	0	0
Zotu215_P1_E02_21MMC3_S517_N701	0	0	0	0	0	0	0	4	0	0	0	0	0	0	0	0	0	0	4	0	0	0	0	0	0
Zotu217_P2_B05_16IZPOC1a_S507_N709	0	0	0	0	0	0	0	0	0	0	0	0	1	0	0	4	0	0	0	0	0	0	0	0	0
Zotu219_P1_D05_13SHC4C1_S505_N703	0	0	0	0	0	0	7	0	0	0	0	0	0	0	0	0	0	0	0	0	0	0	0	0	0
Zotu21_P1_E02_21MMC3_S517_N701	0	1	0	0	0	0	0	243	0	0	0	0	0	0	0	0	0	0	315	0	0	0	0	0	0
Zotu21_P2_A01_16IZPOC1_S502_N707	0	0	0	0	0	0	0	0	0	0	0	0	246	0	0	180	0	0	0	0	0	0	0	0	0
Zotu220_P1_D05_13SHC4C1_S505_N703	0	0	0	0	0	0	7	0	0	0	0	0	0	0	0	0	0	0	0	0	0	0	1	0	0
Zotu220_P2_E04_21MMC3b_S502_N709	0	0	0	0	0	0	0	3	0	0	0	0	0	0	0	0	0	0	4	0	0	0	0	0	0
Zotu226_P2_A01_16IZPOC1_S502_N707	0	0	0	0	0	0	0	0	0	0	0	0	5	0	0	3	0	0	0	0	0	0	0	0	0
Zotu227_P2_E04_21MMC3b_S502_N709	0	0	0	0	0	0	0	0	0	0	0	0	0	0	0	0	0	0	4	0	0	0	0	0	0
Zotu233_P1_D05_13SHC4C1_S505_N703	0	0	0	0	0	0	5	0	0	0	0	0	0	0	0	0	0	0	0	0	0	0	1	0	0
Zotu240_P2_G03_2SHCN5C2J_S506_N708	0	0	0	0	0	0	0	0	0	0	0	0	0	0	0	0	0	0	0	0	5	0	0	0	0
Zotu247_P1_D05_13SHC4C1_S505_N703	0	0	0	0	0	0	4	0	0	0	0	0	0	0	0	0	0	0	0	0	0	0	3	0	0
Zotu247_P2_A01_16IZPOC1_S502_N707	0	0	0	0	0	0	0	0	0	0	0	0	4	0	0	2	0	0	0	0	0	0	0	0	0
Zotu24_P1_A01_32TCONS2_S502_N701	457	0	0	0	0	0	0	0	0	0	0	720	0	0	0	0	0	0	0	0	0	0	0	0	0
Zotu24_P1_E02_21MMC3_S517_N701	0	2	0	0	0	0	0	210	0	0	0	2	0	0	0	0	0	0	283	0	0	0	0	0	0
Zotu256_P2_A01_16IZPOC1_S502_N707	0	0	0	0	0	0	0	0	0	0	0	0	4	0	0	7	0	0	0	0	0	0	0	0	0
Zotu266_P2_A01_16IZPOC1_S502_N707	0	0	0	0	0	0	0	0	0	0	0	0	4	0	0	1	0	0	0	0	0	0	0	0	0
Zotu26_P2_A01_16IZPOC1_S502_N707	0	0	0	0	0	0	0	0	0	0	0	0	159	0	0	147	0	0	0	0	0	0	0	0	0
Zotu274_P2_G03_2SHCN5C2J_S506_N708	0	0	0	0	0	0	0	0	0	0	0	0	0	0	0	0	0	0	0	0	4	0	0	0	0
Zotu28_P1_E02_21MMC3_S517_N701	0	0	0	0	0	0	0	174	0	0	0	0	0	0	0	0	0	0	171	0	0	0	0	0	0
Zotu2_P1_A01_32TCONS2_S502_N701	5957	0	0	0	0	0	0	0	0	13	0	6883	0	1	0	0	0	0	0	15	9	0	0	0	0
Zotu31_P1_E02_21MMC3_S517_N701	0	0	0	0	0	0	0	152	0	0	0	0	0	0	0	0	0	0	189	0	9	0	0	0	0
Zotu31_P1_E03_55TRE137_S505_N702	0	0	0	0	0	0	0	0	247	83	0	0	0	0	287	0	0	0	0	79	0	0	0	1	0
Zotu31_P2_A01_16IZPOC1_S502_N707	0	0	0	0	0	0	0	0	0	0	0	0	98	0	0	64	0	0	0	0	2	0	0	0	0
Zotu31_P2_A03_11MMOC3W_S502_N708	0	0	0	0	0	0	0	0	0	0	0	0	0	5	0	0	0	0	0	0	0	0	0	0	0
Zotu32_P1_D05_13SHC4C1_S505_N703	0	0	0	0	0	0	231	0	0	0	0	0	0	0	0	0	0	0	0	0	0	0	84	0	0
Zotu33_P1_A01_32TCONS2_S502_N701	314	0	0	0	0	0	0	0	0	0	0	458	0	0	0	0	0	0	0	0	0	0	0	0	0
Zotu34_P1_F08_41TDIST2_S503_N705	0	0	0	0	0	0	0	0	0	219	0	0	0	0	0	0	0	1	0	266	0	0	0	0	0
Zotu35_P1_E02_21MMC3_S517_N701	0	0	0	0	0	0	0	137	0	0	0	0	0	0	0	0	0	0	168	0	0	0	0	0	0
Zotu37_P1_D05_13SHC4C1_S505_N703	0	0	0	0	0	0	214	0	0	0	0	0	0	0	0	0	0	0	0	0	0	0	78	0	0
Zotu37_P2_A01_16IZPOC1_S502_N707	0	0	0	0	0	0	0	0	0	0	0	0	79	0	0	70	0	0	0	0	0	0	0	0	0
Zotu41_P1_C11_7IZPOC1W_S506_N706	7	0	0	0	13	0	0	0	0	0	0	2	0	0	0	0	0	0	0	0	0	0	0	0	0
Zotu41_P2_G03_2SHCN5C2J_S506_N708	0	0	0	0	0	0	0	0	0	0	0	0	0	0	0	0	0	0	0	0	47	0	0	0	0
Zotu44_P2_A01_16IZPOC1_S502_N707	1	0	0	0	0	0	0	0	0	0	0	0	59	0	0	60	0	0	0	0	0	0	0	0	0
Zotu45_P1_E02_21MMC3_S517_N701	0	0	0	0	0	0	0	92	0	0	0	0	0	0	0	0	0	0	135	0	0	0	0	0	0
Zotu46_P1_C03_29TRE808_S504_N702	3	0	60	0	0	0	0	0	0	0	0	0	0	0	0	0	0	0	0	0	2	29	0	0	0
Zotu49_P1_C03_29TRE808_S504_N702	0	0	52	0	0	0	0	0	0	0	0	0	0	0	0	0	0	0	0	0	0	24	0	0	0
Zotu4_P1_A01_32TCONS2_S502_N701	3152	1	0	2	0	1	0	1	0	65	0	3872	0	0	0	0	0	0	0	90	6	0	0	0	1
Zotu51_P1_H04_19MMC1_S503_N703	0	0	0	1	0	1	2	0	1	0	1	94	0	1	0	1	0	0	0	0	0	0	1	0	1
Zotu54_P1_C03_29TRE808_S504_N702	0	0	46	0	0	0	0	0	0	0	0	0	0	0	0	0	0	0	0	0	0	20	0	0	0
Zotu55_P1_D05_13SHC4C1_S505_N703	0	0	0	0	0	1	129	0	0	0	0	0	0	0	0	0	0	0	0	0	0	0	59	0	0
Zotu56_P1_H04_19MMC1_S503_N703	37	0	0	0	0	0	0	0	0	3	0	59	0	0	0	0	0	0	0	5	0	0	0	0	0
Zotu57_P1_C03_29TRE808_S504_N702	0	0	36	0	0	0	0	0	0	8	0	0	0	0	0	0	0	0	0	7	0	39	0	0	0
Zotu57_P2_A01_16IZPOC1_S502_N707	0	0	0	0	0	0	0	0	0	0	0	1	42	0	0	24	0	0	0	0	0	0	0	0	0
Zotu5_P1_A01_32TCONS2_S502_N701	2016	0	0	0	0	0	0	0	0	0	0	2785	0	0	0	0	0	0	0	0	1	0	0	0	0
Zotu61_P1_E02_21MMC3_S517_N701	0	0	0	0	0	0	0	54	0	0	0	0	0	0	0	0	0	0	47	0	0	0	0	0	0
Zotu61_P1_F08_41TDIST2_S503_N705	0	0	0	0	0	0	0	0	0	86	0	0	0	0	0	0	0	0	0	104	0	0	0	0	0
Zotu62_P1_D05_13SHC4C1_S505_N703	0	0	0	0	0	0	102	0	0	0	0	0	0	0	0	0	0	0	0	0	0	0	28	0	0
Zotu64_P2_G03_2SHCN5C2J_S506_N708	0	0	0	0	0	0	0	0	0	0	0	0	0	0	0	0	0	0	0	0	24	0	0	0	0
Zotu65_P1_C03_29TRE808_S504_N702	0	0	29	0	0	0	0	0	0	170	0	0	0	0	0	0	0	0	0	213	0	9	0	0	0
Zotu66_P2_A01_16IZPOC1_S502_N707	0	0	0	0	0	0	0	0	0	0	0	0	34	0	0	30	0	0	0	0	0	0	0	0	0
Zotu68_P2_A01_16IZPOC1_S502_N707	0	0	0	0	0	0	0	0	0	0	0	0	32	5	0	26	0	0	0	0	5	0	0	0	0
Zotu6_P1_E03_55TRE137_S505_N702	0	0	0	0	0	0	1	0	1377	0	0	0	0	0	1884	0	0	0	0	0	0	0	0	4	0
Zotu72_P1_C03_29TRE808_S504_N702	0	0	23	0	0	0	0	0	0	0	0	0	0	0	0	0	0	0	0	0	0	12	0	0	0
Zotu72_P1_E02_21MMC3_S517_N701	0	0	0	0	0	0	0	39	0	0	0	0	1	0	0	0	0	0	66	0	0	0	0	0	0
Zotu74_P1_A01_32TCONS2_S502_N701	66	1	0	0	0	0	370	0	0	0	0	80	0	0	0	0	0	0	0	0	4	0	130	0	0
Zotu74_P2_A01_16IZPOC1_S502_N707	0	0	0	0	0	0	0	0	0	0	0	0	28	0	0	23	0	0	0	0	0	0	0	0	0
Zotu75_P1_D05_13SHC4C1_S505_N703	0	0	0	0	0	0	78	0	0	0	0	0	0	0	0	0	0	0	0	0	0	0	19	0	0
Zotu75_P2_A01_16IZPOC1_S502_N707	0	0	0	0	0	0	0	0	0	0	0	0	28	0	0	18	2	0	0	0	0	0	0	0	0
Zotu76_P1_E02_21MMC3_S517_N701	0	0	0	0	0	0	0	36	0	0	0	0	0	0	0	0	0	0	61	0	0	0	0	0	0
Zotu77_P1_D05_13SHC4C1_S505_N703	0	0	0	0	0	0	76	0	0	0	0	0	0	0	0	0	0	0	0	0	0	0	37	0	0
Zotu77_P2_A01_16IZPOC1_S502_N707	0	0	0	0	0	0	0	0	0	0	0	0	27	0	0	29	1	0	0	0	0	0	0	0	0
Zotu78_P1_A01_32TCONS2_S502_N701	54	0	0	0	0	0	0	0	0	0	0	45	0	0	0	0	0	0	0	0	0	0	0	0	0
Zotu80_P2_A01_16IZPOC1_S502_N707	0	0	0	0	0	0	0	0	0	0	0	0	26	0	0	25	0	0	0	0	0	0	0	0	0
Zotu82_P1_A01_32TCONS2_S502_N701	43	0	0	0	0	0	0	0	0	0	0	35	0	0	0	0	0	0	0	0	0	0	0	0	0
Zotu82_P2_B05_16IZPOC1a_S507_N709	0	0	0	0	0	0	0	0	0	0	0	0	13	0	0	14	0	0	0	0	0	0	0	0	0
Zotu83_P1_E02_21MMC3_S517_N701	0	0	0	0	0	0	0	33	0	0	0	0	0	0	0	0	0	0	50	0	0	0	0	0	0
Zotu83_P1_F08_41TDIST2_S503_N705	0	0	0	0	0	0	0	0	0	46	0	0	0	0	1	0	0	0	0	36	0	0	0	0	0
Zotu84_P2_A01_16IZPOC1_S502_N707	0	0	0	0	0	0	0	0	0	0	0	0	24	0	0	9	0	0	0	0	0	0	0	0	0
Zotu84_P2_G03_2SHCN5C2J_S506_N708	0	0	0	0	0	0	0	0	0	0	0	0	0	0	0	0	0	0	0	0	17	0	0	0	0
Zotu85_P2_A01_16IZPOC1_S502_N707	0	0	0	0	0	0	0	0	0	0	0	0	24	0	0	17	0	0	0	0	0	0	0	0	0
Zotu86_P1_D05_13SHC4C1_S505_N703	0	0	0	0	0	0	63	0	0	0	0	0	0	0	0	0	0	0	0	0	0	0	25	0	0
Zotu86_P2_A01_16IZPOC1_S502_N707	0	0	0	0	0	0	0	0	0	0	0	0	23	0	0	16	0	0	0	0	0	0	0	0	0
Zotu88_P1_A01_32TCONS2_S502_N701	33	0	0	0	0	0	1	0	0	0	0	1	0	0	0	0	0	0	0	0	0	0	0	0	0
Zotu88_P1_F08_41TDIST2_S503_N705	0	0	0	0	0	0	0	0	0	41	0	0	0	0	0	0	0	0	0	58	0	0	0	0	0
Zotu89_P1_H04_19MMC1_S503_N703	4	0	0	0	0	0	1	0	0	0	0	13	0	0	0	0	0	0	0	0	0	0	0	0	0
Zotu90_P1_A01_32TCONS2_S502_N701	32	0	0	0	0	0	0	0	0	0	0	26	0	0	0	0	0	0	0	0	0	0	0	0	0
Zotu90_P1_C03_29TRE808_S504_N702	0	0	16	0	0	0	0	0	0	0	0	0	0	0	0	0	0	0	0	0	0	13	0	0	0
Zotu91_P2_A01_16IZPOC1_S502_N707	0	0	0	0	0	0	0	0	0	0	0	0	22	0	0	17	0	0	0	0	0	0	0	0	0
Zotu92_P1_A01_32TCONS2_S502_N701	30	0	0	0	0	0	72	0	0	3	0	38	1	0	0	7	0	0	0	5	3	0	26	0	0
Zotu93_P1_A01_32TCONS2_S502_N701	29	0	0	0	0	0	0	0	0	0	0	42	0	0	0	0	0	0	0	0	0	0	0	0	0
Zotu93_P1_C03_29TRE808_S504_N702	0	0	14	0	0	0	0	0	0	0	0	0	0	0	0	0	0	0	0	0	0	10	0	0	0
Zotu96_P1_A01_32TCONS2_S502_N701	29	0	0	0	0	0	0	0	0	0	0	37	0	0	0	0	0	0	0	0	3	0	0	0	0
Zotu98_P1_A01_32TCONS2_S502_N701	28	0	0	0	0	0	0	0	0	0	0	18	0	0	0	0	0	0	0	0	0	0	0	0	0
Zotu9_P2_A01_16IZPOC1_S502_N707	0	1	0	0	0	0	0	0	0	0	0	0	624	0	0	510	12	0	0	0	0	0	0	0	0
