#OTU ID	P1_A01_32TCONS2_S502_N701	P1_A04_10MMOC3J_S507_N702	P1_B09_9MMC3P_S505_N705	P1_C03_29TRE808_S504_N702	P1_C07_6IZPOC1J_S505_N704	P1_C11_7IZPOC1W_S506_N706	P1_D02_3SHCO5C2_S508_N701	P1_D05_13SHC4C1_S505_N703	P1_D10_4SHC5C2R_S502_N706	P1_E02_21MMC3_S517_N701	P1_E03_55TRE137_S505_N702	P1_F07_5IZPOC1P_S507_N704	P1_F08_41TDIST2_S503_N705	P1_G01_8IZTPOCR_S505_N701	P1_H04_19MMC1_S503_N703	P2_A01_16IZPOC1_S502_N707	P2_A03_11MMOC3W_S502_N708	P2_A05_55TRE137b_S506_N709	P2_B05_16IZPOC1a_S507_N709	P2_D03_12MMOC3R_S504_N708	P2_D04_21MMC3a_S517_N708	P2_D05_41TDIST2a_S517_N709	P2_E04_21MMC3b_S502_N709	P2_E05_41TDIST2b_S502_N710	P2_F04_29TRE808a_S503_N709	P2_G03_2SHCN5C2J_S506_N708	P2_G05_13SHC4a_S504_N710	P2_H04_55TRE137a_S505_N709
Zotu101_P1_C03_29TRE808_S504_N702	0	0	0	12	0	0	0	0	0	0	0	0	0	0	0	0	0	0	0	0	0	0	0	0	15	0	0	0
Zotu101_P2_D03_12MMOC3R_S504_N708	0	0	0	0	0	0	0	0	0	0	0	0	0	0	0	0	0	0	0	49	0	0	0	0	0	0	0	0
Zotu102_P1_G01_8IZTPOCR_S505_N701	0	0	0	0	0	0	0	0	0	0	0	0	0	17	0	0	0	0	0	0	0	0	0	0	0	0	0	0
Zotu104_P1_G01_8IZTPOCR_S505_N701	0	0	0	0	0	0	0	0	0	0	0	0	0	16	0	0	0	0	0	0	0	0	0	0	0	0	0	0
Zotu106_P1_E02_21MMC3_S517_N701	0	0	0	0	0	0	0	0	0	23	0	0	0	0	0	0	5	0	0	0	0	0	43	0	0	0	0	0
Zotu107_P1_G01_8IZTPOCR_S505_N701	0	0	0	0	0	0	0	0	0	0	0	0	0	16	0	0	0	0	0	0	0	0	0	0	0	0	0	0
Zotu109_P1_G01_8IZTPOCR_S505_N701	0	0	0	0	0	0	0	0	0	0	0	0	0	15	0	0	0	0	0	0	0	0	0	0	0	0	0	0
Zotu10_P1_G01_8IZTPOCR_S505_N701	0	0	0	0	0	0	0	0	0	0	0	0	0	302	0	0	0	0	0	0	0	0	0	0	0	0	0	0
Zotu110_P2_D03_12MMOC3R_S504_N708	0	0	0	0	0	0	0	0	0	0	0	0	0	0	0	0	0	0	0	34	0	0	0	0	0	0	0	0
Zotu111_P1_E02_21MMC3_S517_N701	0	0	0	0	0	0	0	0	0	21	0	0	0	0	0	0	0	0	0	0	0	0	20	0	0	0	0	0
Zotu111_P2_D03_12MMOC3R_S504_N708	0	0	0	0	0	0	0	0	0	0	0	0	0	0	0	0	0	0	0	34	0	0	0	0	0	0	0	0
Zotu112_P1_G01_8IZTPOCR_S505_N701	0	0	0	0	0	0	0	0	0	0	0	0	0	14	0	0	0	0	0	0	0	0	0	0	0	0	0	0
Zotu113_P1_G01_8IZTPOCR_S505_N701	0	0	0	0	0	0	0	0	0	0	0	0	0	13	0	0	0	0	0	0	0	0	0	0	0	0	0	0
Zotu113_P2_D03_12MMOC3R_S504_N708	0	0	0	0	0	0	0	0	0	0	0	0	0	0	0	0	0	0	0	30	0	0	0	0	0	0	0	0
Zotu116_P1_G01_8IZTPOCR_S505_N701	0	0	0	0	0	0	0	0	0	0	0	0	0	13	0	0	0	0	0	0	0	0	0	0	0	0	0	0
Zotu117_P1_G01_8IZTPOCR_S505_N701	0	0	0	0	0	0	0	0	2	0	0	0	0	12	0	0	0	0	0	0	0	0	0	0	0	0	0	0
Zotu117_P2_E04_21MMC3b_S502_N709	0	0	0	0	0	0	0	0	0	2	0	0	0	0	0	0	0	0	0	0	0	0	18	0	0	0	0	0
Zotu118_P1_F08_41TDIST2_S503_N705	0	0	0	0	0	0	0	0	0	0	0	0	19	0	0	0	0	0	0	0	0	0	0	24	0	0	0	0
Zotu118_P1_G01_8IZTPOCR_S505_N701	0	0	0	0	0	0	0	0	0	0	0	0	0	12	0	0	0	0	0	0	0	0	0	0	0	0	0	0
Zotu120_P1_G01_8IZTPOCR_S505_N701	0	0	0	0	0	0	0	0	0	0	0	0	0	12	0	0	0	0	0	0	0	0	0	0	0	0	0	0
Zotu120_P1_H04_19MMC1_S503_N703	0	0	0	0	0	0	0	0	0	0	0	0	0	0	6	0	0	0	1	0	0	0	0	0	0	0	0	0
Zotu125_P2_D03_12MMOC3R_S504_N708	0	0	0	0	0	0	0	0	0	0	0	0	0	0	0	0	0	0	0	21	0	0	0	0	0	0	0	0
Zotu127_P1_G01_8IZTPOCR_S505_N701	0	0	0	0	0	0	0	0	1	0	0	0	0	10	0	0	0	0	0	0	0	0	0	0	0	0	0	0
Zotu129_P1_G01_8IZTPOCR_S505_N701	0	0	0	0	0	0	0	0	0	0	0	0	0	10	0	0	0	0	0	0	0	0	0	0	0	0	0	0
Zotu12_P1_D10_4SHC5C2R_S502_N706	0	0	0	0	0	0	0	0	781	0	0	0	0	0	0	0	0	0	0	0	0	0	0	0	0	7	0	0
Zotu131_P2_D03_12MMOC3R_S504_N708	0	0	0	0	0	0	0	0	0	0	0	0	0	0	0	0	0	0	0	18	0	0	0	0	0	0	0	0
Zotu133_P2_D03_12MMOC3R_S504_N708	0	0	0	0	0	0	0	0	0	0	0	0	0	0	0	0	0	0	0	18	0	0	0	0	0	0	0	0
Zotu135_P1_C03_29TRE808_S504_N702	0	0	0	6	0	0	0	0	0	0	0	0	0	0	0	0	0	0	0	0	0	0	0	0	7	0	0	0
Zotu136_P2_D03_12MMOC3R_S504_N708	0	0	0	0	0	0	0	0	0	0	0	0	0	0	0	0	0	0	0	16	0	0	0	0	0	0	0	0
Zotu140_P1_G01_8IZTPOCR_S505_N701	0	0	0	0	0	0	0	0	0	0	0	0	0	7	0	0	0	0	0	0	0	0	0	0	0	0	0	0
Zotu141_P1_G01_8IZTPOCR_S505_N701	0	0	0	0	0	0	0	0	0	0	0	0	0	7	0	0	0	0	0	0	0	0	0	0	0	0	0	0
Zotu142_P1_D05_13SHC4C1_S505_N703	0	0	0	0	0	0	0	26	0	13	0	0	0	0	1	0	0	0	0	0	0	0	20	0	0	0	2	0
Zotu143_P2_D03_12MMOC3R_S504_N708	0	0	0	0	0	0	0	0	0	0	0	0	0	0	0	0	0	0	0	15	0	0	0	0	0	0	0	0
Zotu144_P2_D03_12MMOC3R_S504_N708	0	0	0	0	0	0	0	0	0	0	0	0	0	0	0	0	0	0	0	14	0	0	0	0	0	0	0	0
Zotu147_P1_G01_8IZTPOCR_S505_N701	0	0	0	0	0	0	0	0	0	0	0	0	0	6	0	0	0	0	0	0	0	0	0	0	0	0	0	0
Zotu149_P1_C03_29TRE808_S504_N702	0	0	0	5	0	0	0	0	0	0	0	0	0	0	0	0	0	0	0	0	0	0	0	0	17	0	0	0
Zotu149_P2_D03_12MMOC3R_S504_N708	0	0	0	0	0	0	0	1	0	0	0	0	2	0	0	0	0	0	0	13	0	0	0	4	0	0	1	0
Zotu14_P1_D02_3SHCO5C2_S508_N701	0	0	0	0	0	0	16	0	0	0	0	0	0	0	0	0	0	0	0	0	0	0	0	0	0	0	0	0
Zotu151_P1_E02_21MMC3_S517_N701	0	0	0	0	0	0	0	0	0	10	0	0	0	0	0	0	0	0	0	0	0	0	14	0	0	0	0	0
Zotu151_P1_G01_8IZTPOCR_S505_N701	0	0	0	0	0	0	0	0	0	0	0	0	0	5	0	0	0	0	0	0	0	0	0	0	0	0	0	0
Zotu152_P2_D03_12MMOC3R_S504_N708	0	0	0	0	0	0	0	0	0	0	0	0	0	0	0	0	0	0	0	11	0	0	0	0	0	0	0	0
Zotu153_P1_D05_13SHC4C1_S505_N703	0	0	0	0	0	0	0	22	0	0	0	0	0	0	0	0	0	0	0	0	0	0	0	0	0	0	2	0
Zotu154_P2_D03_12MMOC3R_S504_N708	0	0	0	0	0	0	0	0	0	0	0	0	0	0	0	0	0	0	0	11	0	0	0	0	0	0	0	0
Zotu154_P2_E05_41TDIST2b_S502_N710	0	0	0	0	0	0	0	0	0	0	0	0	3	0	0	0	0	0	0	0	0	0	0	6	0	0	0	0
Zotu155_P1_E02_21MMC3_S517_N701	0	0	0	0	0	0	0	0	0	10	0	0	0	0	0	0	0	0	0	0	0	0	15	0	0	0	0	0
Zotu155_P1_G01_8IZTPOCR_S505_N701	0	0	0	0	0	0	0	0	0	0	0	0	0	5	0	0	0	0	0	0	0	0	0	0	0	0	0	0
Zotu155_P2_D03_12MMOC3R_S504_N708	0	0	0	0	0	0	0	0	0	0	0	0	0	0	0	0	0	0	0	11	0	0	0	0	0	0	0	0
Zotu156_P1_G01_8IZTPOCR_S505_N701	0	0	0	0	0	0	0	0	0	0	0	0	0	5	0	0	0	0	0	0	0	0	0	0	0	0	0	0
Zotu157_P1_G01_8IZTPOCR_S505_N701	0	0	0	0	0	0	0	0	0	0	0	0	0	5	0	0	0	0	0	0	0	0	0	0	0	0	0	0
Zotu158_P2_D03_12MMOC3R_S504_N708	0	0	0	0	0	0	0	0	0	0	0	0	0	0	0	0	0	0	0	11	0	0	0	0	0	0	0	0
Zotu159_P2_D03_12MMOC3R_S504_N708	0	0	0	0	0	0	0	0	0	0	0	0	0	0	0	0	0	0	0	10	0	0	0	0	0	0	0	0
Zotu15_P2_D03_12MMOC3R_S504_N708	0	0	0	1	0	0	0	0	0	0	0	0	0	0	0	0	0	0	0	821	0	0	0	0	0	0	0	0
Zotu160_P1_E02_21MMC3_S517_N701	0	0	0	0	0	0	0	0	0	9	0	0	0	0	0	0	0	0	0	0	0	0	8	0	0	0	0	0
Zotu160_P1_G01_8IZTPOCR_S505_N701	0	0	0	0	0	0	0	0	0	0	0	0	0	5	0	0	0	0	0	0	0	0	0	0	0	0	0	0
Zotu161_P1_D05_13SHC4C1_S505_N703	0	0	0	0	0	0	0	19	1	0	0	0	0	0	0	0	0	0	0	0	0	0	0	0	0	0	2	0
Zotu161_P2_D03_12MMOC3R_S504_N708	0	0	0	0	0	0	0	0	0	0	0	0	0	0	0	0	0	0	0	10	0	0	0	0	0	0	0	0
Zotu163_P2_D03_12MMOC3R_S504_N708	0	0	0	0	0	0	0	0	0	0	0	0	0	0	0	0	0	0	0	10	0	0	0	0	0	0	0	0
Zotu167_P1_G01_8IZTPOCR_S505_N701	0	0	0	0	0	0	0	0	0	0	0	0	0	5	0	0	0	0	0	0	0	0	0	0	0	0	0	0
Zotu169_P2_B05_16IZPOC1a_S507_N709	0	0	0	0	0	0	0	0	0	0	0	0	0	0	0	1	0	0	5	0	0	0	0	0	0	0	0	0
Zotu170_P1_G01_8IZTPOCR_S505_N701	0	0	0	0	0	0	0	0	0	0	0	0	0	4	0	0	0	0	0	0	0	0	0	0	0	0	0	0
Zotu171_P1_G01_8IZTPOCR_S505_N701	0	0	0	0	0	0	0	0	0	0	0	0	0	4	0	0	0	0	0	0	0	0	0	0	0	0	0	0
Zotu172_P1_F08_41TDIST2_S503_N705	0	0	0	0	0	0	0	0	0	0	0	0	5	0	0	0	0	0	0	0	0	0	0	5	0	0	0	0
Zotu172_P2_D03_12MMOC3R_S504_N708	0	0	0	0	0	0	0	0	0	0	0	0	0	0	0	0	0	0	0	8	0	0	0	0	0	0	0	0
Zotu173_P1_A01_32TCONS2_S502_N701	4	0	0	0	0	0	0	0	0	0	0	0	0	0	0	0	0	0	0	0	0	0	0	0	0	0	0	0
Zotu173_P2_G03_2SHCN5C2J_S506_N708	0	0	0	0	0	0	0	0	0	0	0	0	0	0	0	0	0	0	0	0	0	0	0	0	0	8	0	0
Zotu175_P1_D05_13SHC4C1_S505_N703	0	0	0	0	0	0	0	13	0	0	0	0	0	0	0	0	0	0	0	0	0	0	0	0	0	0	6	0
Zotu175_P2_D03_12MMOC3R_S504_N708	0	0	0	0	0	0	0	0	0	0	0	0	0	0	0	0	0	0	0	8	0	0	0	0	0	0	0	0
Zotu176_P1_D05_13SHC4C1_S505_N703	0	0	0	0	0	0	0	13	0	9	0	0	0	0	0	17	97	0	14	0	1	0	6	0	0	0	6	0
Zotu176_P1_G01_8IZTPOCR_S505_N701	0	0	0	0	0	0	0	0	0	0	0	0	0	4	0	0	0	0	0	0	0	0	0	0	0	0	0	0
Zotu17_P2_D03_12MMOC3R_S504_N708	0	0	0	0	0	0	0	0	0	0	0	0	0	0	0	0	0	0	0	749	0	0	0	0	0	0	0	0
Zotu180_P1_F08_41TDIST2_S503_N705	0	0	0	0	0	0	0	0	0	0	0	0	4	0	0	0	0	0	0	0	0	0	0	5	0	0	0	0
Zotu182_P2_A01_16IZPOC1_S502_N707	0	0	0	0	0	0	0	0	0	0	0	0	0	0	0	7	0	0	7	0	0	0	0	0	0	0	0	0
Zotu183_P1_E02_21MMC3_S517_N701	0	0	0	0	0	0	0	0	0	6	0	0	0	0	0	0	0	0	0	4	0	0	10	0	0	0	0	0
Zotu184_P2_D03_12MMOC3R_S504_N708	0	0	0	0	0	0	0	0	0	0	0	0	0	0	0	0	0	0	0	6	0	0	0	0	0	0	0	0
Zotu186_P2_D03_12MMOC3R_S504_N708	0	0	0	0	0	0	0	0	0	0	0	0	0	0	0	0	0	0	0	6	0	0	0	0	0	0	0	0
Zotu193_P2_D03_12MMOC3R_S504_N708	0	0	0	0	0	0	0	0	0	0	0	0	0	0	0	0	0	0	0	5	0	0	0	0	0	0	0	0
Zotu195_P2_D03_12MMOC3R_S504_N708	0	0	0	0	0	0	0	0	0	0	0	0	0	0	0	0	0	0	0	5	0	0	0	0	0	0	0	0
Zotu196_P2_D03_12MMOC3R_S504_N708	0	0	0	0	0	0	0	0	0	0	0	0	0	0	0	0	0	0	0	5	0	0	0	0	0	0	0	0
Zotu197_P2_A01_16IZPOC1_S502_N707	0	0	0	0	0	0	0	0	0	0	0	0	0	0	0	6	0	0	1	0	0	0	0	0	0	0	0	0
Zotu200_P2_A01_16IZPOC1_S502_N707	0	0	0	0	0	0	0	0	0	0	0	0	0	0	0	6	0	0	1	0	0	0	0	0	0	0	0	0
Zotu207_P2_D03_12MMOC3R_S504_N708	0	0	0	0	0	0	0	0	0	0	0	0	0	0	0	0	0	0	0	4	0	0	0	0	0	0	0	0
Zotu20_P1_G01_8IZTPOCR_S505_N701	0	0	0	0	0	0	0	0	0	0	0	0	0	170	0	0	0	0	0	0	0	0	0	0	0	0	0	0
Zotu210_P2_D03_12MMOC3R_S504_N708	0	0	0	0	0	0	0	0	0	0	0	0	0	0	0	0	0	0	0	4	0	0	0	0	0	0	0	0
Zotu212_P1_D05_13SHC4C1_S505_N703	0	0	0	0	0	0	0	7	0	0	0	0	0	0	0	0	0	0	0	0	0	0	0	0	0	0	2	0
Zotu213_P2_D03_12MMOC3R_S504_N708	0	0	0	0	0	0	0	0	0	0	0	0	0	0	0	0	0	0	0	4	0	0	0	0	0	0	0	0
Zotu22_P1_D10_4SHC5C2R_S502_N706	0	0	0	0	0	0	0	0	434	0	0	0	0	1466	0	0	0	0	0	0	0	0	0	0	0	0	0	0
Zotu238_P2_A01_16IZPOC1_S502_N707	0	0	0	0	0	0	0	0	0	0	0	0	0	0	0	4	0	0	3	0	0	0	0	0	0	0	0	0
Zotu23_P1_G01_8IZTPOCR_S505_N701	0	0	0	0	0	0	0	0	0	0	0	0	0	140	0	0	0	0	0	0	0	0	0	0	0	0	0	0
Zotu241_P1_D05_13SHC4C1_S505_N703	0	0	0	0	0	0	0	4	165	0	0	0	0	225	0	1	184	0	3	155	0	0	0	0	0	6	0	0
Zotu243_P2_G03_2SHCN5C2J_S506_N708	0	0	0	0	0	0	0	0	0	0	0	0	0	0	0	0	0	0	0	0	0	0	0	0	0	5	0	0
Zotu244_P2_A01_16IZPOC1_S502_N707	0	0	0	0	0	0	0	0	0	0	0	0	0	0	0	4	0	0	2	0	0	0	0	0	0	0	0	0
Zotu251_P2_A01_16IZPOC1_S502_N707	0	0	0	0	0	0	0	0	0	0	0	0	0	0	0	4	0	0	3	0	0	0	0	0	0	0	0	0
Zotu254_P1_D05_13SHC4C1_S505_N703	0	0	0	0	0	0	0	4	0	0	0	0	0	0	0	0	0	0	0	37	0	0	0	0	0	0	1	0
Zotu25_P2_D03_12MMOC3R_S504_N708	0	0	0	0	0	0	0	0	0	0	0	0	0	0	0	0	0	0	0	439	0	0	0	0	0	0	0	0
Zotu26_P2_A03_11MMOC3W_S502_N708	0	0	0	0	0	0	0	0	0	0	0	0	0	0	0	0	9	0	0	0	0	0	0	0	0	0	0	0
Zotu28_P1_C11_7IZPOC1W_S506_N706	0	0	0	0	0	29	0	0	0	0	0	0	0	0	0	3	0	0	4	0	0	0	0	0	0	0	0	0
Zotu29_P1_D10_4SHC5C2R_S502_N706	0	0	0	0	0	0	0	0	202	0	0	0	0	0	0	0	0	0	0	0	0	0	0	0	0	0	0	0
Zotu29_P2_D03_12MMOC3R_S504_N708	0	0	0	0	0	0	0	0	0	0	0	0	0	0	0	0	0	0	0	391	0	0	0	0	0	0	0	0
Zotu2_P1_E03_55TRE137_S505_N702	0	0	1	0	1	0	0	0	0	0	1558	0	0	1	0	0	0	0	0	0	0	1	0	0	0	0	0	1603
Zotu31_P1_G01_8IZTPOCR_S505_N701	0	0	0	0	0	0	0	0	0	0	0	0	0	74	0	0	0	0	0	0	0	0	0	0	0	0	0	0
Zotu32_P1_E02_21MMC3_S517_N701	0	0	0	0	0	0	0	0	0	144	0	0	0	0	0	0	0	0	0	0	87	0	91	0	0	0	0	0
Zotu34_P1_G01_8IZTPOCR_S505_N701	0	0	0	0	0	0	0	0	0	0	0	0	0	65	0	0	0	0	0	0	0	0	0	0	0	0	0	0
Zotu37_P1_G01_8IZTPOCR_S505_N701	0	0	0	0	0	0	0	0	0	0	0	0	0	61	0	0	0	0	0	0	0	0	0	0	0	0	0	0
Zotu39_P1_G01_8IZTPOCR_S505_N701	0	0	0	0	0	0	0	0	0	0	0	0	0	58	0	0	0	0	0	0	0	0	0	0	0	0	0	0
Zotu3_P1_G01_8IZTPOCR_S505_N701	0	2	0	0	0	0	0	0	0	0	0	0	0	815	0	0	0	0	0	0	0	0	0	0	0	0	0	0
Zotu40_P1_E02_21MMC3_S517_N701	0	0	0	0	0	0	0	0	0	106	0	0	0	0	0	0	0	0	0	1	0	0	136	0	0	0	0	0
Zotu41_P2_D03_12MMOC3R_S504_N708	0	0	0	0	0	0	0	0	0	0	0	0	0	0	0	0	0	0	0	261	0	0	0	0	0	0	0	0
Zotu42_P1_G01_8IZTPOCR_S505_N701	0	0	0	0	0	0	0	0	0	0	0	0	0	54	0	0	0	0	0	0	0	0	0	0	0	0	0	0
Zotu42_P2_D03_12MMOC3R_S504_N708	0	0	0	0	0	0	0	0	0	0	0	0	0	0	0	0	0	0	0	249	0	0	0	0	0	0	0	0
Zotu45_P1_A01_32TCONS2_S502_N701	173	0	0	0	0	0	0	12	187	41	0	0	0	0	0	0	15	0	0	1399	0	0	49	0	0	0	3	0
Zotu45_P1_E03_55TRE137_S505_N702	0	0	0	0	0	2	0	0	0	0	101	0	0	0	0	0	0	105	0	0	0	0	0	0	0	0	0	0
Zotu45_P2_A05_55TRE137b_S506_N709	0	0	0	0	0	0	0	0	0	0	1	0	0	0	0	0	0	5	0	0	0	0	0	0	0	0	0	0
Zotu46_P1_D10_4SHC5C2R_S502_N706	0	0	0	0	0	0	0	0	51	0	0	0	0	1	0	0	1	0	0	0	0	0	0	0	0	0	0	0
Zotu48_P1_G01_8IZTPOCR_S505_N701	0	0	0	0	0	0	0	0	0	0	0	1	0	49	0	0	0	0	0	0	0	0	0	0	0	0	0	0
Zotu49_P2_D03_12MMOC3R_S504_N708	0	0	0	0	0	0	0	0	0	0	0	0	0	0	0	0	0	0	0	180	0	0	0	0	0	0	0	0
Zotu4_P1_E03_55TRE137_S505_N702	0	0	0	0	0	0	0	0	0	0	1421	0	2386	0	0	1	1	34	0	0	0	0	0	2677	0	0	0	1639
Zotu53_P2_D03_12MMOC3R_S504_N708	0	0	0	0	0	0	0	0	0	0	0	0	0	0	0	0	0	0	0	162	0	0	0	0	0	0	0	0
Zotu55_P1_G01_8IZTPOCR_S505_N701	0	0	0	0	0	0	0	0	0	0	0	0	0	38	0	0	53	0	0	35	0	0	0	0	0	0	0	0
Zotu57_P1_D10_4SHC5C2R_S502_N706	0	0	0	0	0	0	0	0	6	0	0	0	0	0	0	0	0	0	0	0	0	0	0	0	0	0	0	0
Zotu59_P1_D05_13SHC4C1_S505_N703	0	0	0	0	0	0	0	110	0	0	0	0	0	0	0	0	0	0	0	0	0	0	0	0	0	0	32	0
Zotu59_P1_G01_8IZTPOCR_S505_N701	0	0	0	0	0	0	0	0	0	0	0	0	0	35	0	0	0	0	0	0	0	0	0	0	0	0	0	0
Zotu60_P1_D10_4SHC5C2R_S502_N706	0	0	0	0	0	0	0	0	4	0	0	0	0	12	0	0	0	0	0	0	0	0	0	0	0	0	0	0
Zotu60_P1_G01_8IZTPOCR_S505_N701	0	0	0	0	0	0	0	0	0	0	0	0	0	35	0	0	0	0	0	0	0	0	0	0	0	0	0	0
Zotu61_P1_G01_8IZTPOCR_S505_N701	0	0	0	0	0	0	0	0	0	0	0	0	0	35	0	13	0	0	14	0	0	0	0	0	0	0	0	0
Zotu65_P1_G01_8IZTPOCR_S505_N701	0	0	0	0	0	0	0	0	0	0	0	0	0	33	0	0	0	0	0	0	0	0	0	0	0	0	0	0
Zotu66_P1_C11_7IZPOC1W_S506_N706	0	0	0	0	0	4	0	0	0	0	0	0	0	0	0	4	0	0	4	0	0	0	0	0	0	0	0	0
Zotu66_P1_G01_8IZTPOCR_S505_N701	0	0	0	0	0	0	0	0	0	0	0	0	0	31	0	0	0	0	0	0	0	0	0	0	0	0	0	0
Zotu68_P1_G01_8IZTPOCR_S505_N701	0	0	0	0	0	0	0	0	0	0	0	0	0	30	0	0	0	0	0	0	0	0	0	0	0	0	0	0
Zotu70_P1_G01_8IZTPOCR_S505_N701	0	0	0	0	0	0	0	0	0	0	0	0	0	28	0	0	0	0	0	0	0	0	0	0	0	0	0	0
Zotu72_P2_D03_12MMOC3R_S504_N708	0	0	0	0	0	0	0	0	0	0	0	0	0	1	0	0	0	0	0	87	0	0	0	0	0	0	0	0
Zotu74_P1_G01_8IZTPOCR_S505_N701	0	0	0	0	0	0	0	0	0	0	0	0	0	27	0	0	0	0	0	0	0	0	0	0	0	0	0	0
Zotu74_P2_D03_12MMOC3R_S504_N708	0	0	0	0	0	0	0	0	0	0	0	0	0	0	0	0	0	0	0	84	0	0	0	0	0	12	0	0
Zotu75_P1_G01_8IZTPOCR_S505_N701	0	0	0	0	0	0	0	0	0	0	0	0	0	27	0	0	0	0	0	0	0	0	0	0	0	0	0	0
Zotu78_P1_D05_13SHC4C1_S505_N703	0	0	0	0	0	0	0	72	0	0	0	0	0	0	0	0	0	0	0	0	0	0	0	0	0	0	22	0
Zotu79_P1_G01_8IZTPOCR_S505_N701	0	0	0	0	0	0	0	0	0	0	0	0	0	26	0	0	0	0	0	0	0	0	0	0	0	0	0	0
Zotu7_P1_A01_32TCONS2_S502_N701	1864	0	0	0	0	0	0	0	0	0	0	0	0	0	0	0	1	0	0	0	0	0	0	0	0	0	0	0
Zotu7_P1_C11_7IZPOC1W_S506_N706	0	0	0	0	0	500	0	0	0	0	0	0	0	0	0	280	0	0	200	0	0	0	0	0	0	63	0	0
Zotu7_P1_E03_55TRE137_S505_N702	0	0	0	0	0	1	0	0	0	0	1279	0	179	0	0	0	0	1638	0	0	0	0	0	219	0	0	0	2
Zotu80_P1_G01_8IZTPOCR_S505_N701	0	0	0	0	0	0	0	0	0	0	0	0	0	25	0	0	0	0	0	0	0	0	0	0	0	0	0	0
Zotu83_P1_G01_8IZTPOCR_S505_N701	0	0	0	0	0	0	0	0	0	0	0	0	0	24	0	0	0	0	0	0	0	0	0	0	0	0	0	0
Zotu84_P1_B09_9MMC3P_S505_N705	0	0	6	0	0	0	0	0	0	0	0	0	0	0	0	0	0	0	0	0	0	0	0	0	0	0	0	0
Zotu85_P1_D05_13SHC4C1_S505_N703	0	0	0	0	0	0	0	64	0	0	0	0	0	0	0	0	0	0	0	0	0	0	0	0	0	0	22	0
Zotu86_P1_G01_8IZTPOCR_S505_N701	0	0	0	0	0	0	0	0	0	0	0	0	0	24	0	0	0	0	0	0	0	0	0	0	0	2	0	0
Zotu86_P2_D03_12MMOC3R_S504_N708	0	0	0	0	0	0	0	0	0	0	0	0	0	0	0	0	0	0	0	69	0	0	0	0	0	0	0	0
Zotu8_P2_D03_12MMOC3R_S504_N708	0	0	0	0	0	0	0	0	0	0	0	0	0	0	0	0	0	0	0	1691	0	0	0	0	0	0	0	0
Zotu90_P1_G01_8IZTPOCR_S505_N701	0	0	0	0	0	0	0	0	0	0	0	0	0	20	0	0	0	0	0	0	0	0	0	0	0	0	0	0
Zotu91_P1_D05_13SHC4C1_S505_N703	0	0	0	0	0	0	0	59	0	0	0	0	0	0	0	0	0	0	0	0	0	0	0	0	0	0	11	0
Zotu94_P2_F04_29TRE808a_S503_N709	0	0	0	1	0	0	0	0	0	0	0	0	0	0	0	0	0	0	0	0	0	0	0	0	6	0	0	0
Zotu96_P2_D03_12MMOC3R_S504_N708	0	0	0	0	0	0	0	0	0	0	0	0	0	0	0	0	0	0	0	55	0	0	0	0	0	0	0	0
Zotu99_P1_G01_8IZTPOCR_S505_N701	0	0	0	0	0	0	0	0	0	0	0	0	0	17	0	0	0	0	0	0	0	0	0	0	0	0	0	0
