#OTU ID	P1_A01_32TCONS2_S502_N701	P1_A04_10MMOC3J_S507_N702	P1_B07_1SHC5C2P_S504_N704	P1_B09_9MMC3P_S505_N705	P1_C03_29TRE808_S504_N702	P1_C07_6IZPOC1J_S505_N704	P1_C11_7IZPOC1W_S506_N706	P1_D05_13SHC4C1_S505_N703	P1_D10_4SHC5C2R_S502_N706	P1_E02_21MMC3_S517_N701	P1_E03_55TRE137_S505_N702	P1_F07_5IZPOC1P_S507_N704	P1_F08_41TDIST2_S503_N705	P1_G01_8IZTPOCR_S505_N701	P1_H04_19MMC1_S503_N703	P2_A01_16IZPOC1_S502_N707	P2_A03_11MMOC3W_S502_N708	P2_B05_16IZPOC1a_S507_N709	P2_C05_16IZPOC1b_S508_N709	P2_D03_12MMOC3R_S504_N708	P2_D04_21MMC3a_S517_N708	P2_E04_21MMC3b_S502_N709	P2_E05_41TDIST2b_S502_N710	P2_F04_29TRE808a_S503_N709	P2_G03_2SHCN5C2J_S506_N708	P2_G04_29TRE808b_S504_N709	P2_G05_13SHC4a_S504_N710	P2_H04_55TRE137a_S505_N709	P2_H05_19MMC1a_S505_N710
Zotu100_P1_D05_13SHC4C1_S505_N703	0	0	0	0	0	0	0	49	0	0	0	0	0	0	0	0	0	0	0	0	0	0	0	0	0	0	13	0	0
Zotu102_P1_E02_21MMC3_S517_N701	0	0	0	0	0	0	0	0	0	25	0	0	0	0	0	0	0	0	0	0	0	34	0	0	0	0	0	0	0
Zotu109_P2_B05_16IZPOC1a_S507_N709	0	0	0	0	0	1	0	0	0	0	0	0	0	0	0	41	0	9	25	0	0	0	0	0	0	0	0	0	0
Zotu113_P2_A01_16IZPOC1_S502_N707	0	0	0	0	0	0	0	0	0	0	0	0	0	0	0	17	0	0	9	0	0	0	0	0	0	0	0	0	0
Zotu115_P1_E02_21MMC3_S517_N701	0	0	0	0	0	0	0	0	0	18	0	0	0	0	0	0	0	0	0	0	37	0	0	0	0	0	0	0	0
Zotu118_P1_C03_29TRE808_S504_N702	0	0	0	0	9	0	0	0	0	0	0	0	0	0	0	0	0	0	0	0	0	0	0	7	0	0	0	0	0
Zotu119_P1_C03_29TRE808_S504_N702	0	0	0	0	8	0	0	0	0	0	0	0	0	0	0	0	0	0	0	0	0	0	0	0	0	0	0	0	0
Zotu120_P1_A01_32TCONS2_S502_N701	14	0	0	0	0	0	0	0	0	0	0	0	0	0	0	0	0	0	0	0	0	0	0	0	1	0	0	0	0
Zotu122_P1_A01_32TCONS2_S502_N701	13	0	0	0	0	0	0	0	0	0	0	0	0	0	19	0	0	0	0	0	0	0	0	0	0	0	0	0	0
Zotu127_P1_E02_21MMC3_S517_N701	0	0	0	0	0	0	0	0	0	14	0	0	0	0	0	0	0	0	0	0	21	0	0	0	0	0	0	0	0
Zotu129_P1_A01_32TCONS2_S502_N701	11	0	0	0	0	0	0	0	0	0	0	0	0	0	0	0	0	0	0	0	0	0	0	0	0	0	0	0	0
Zotu132_P1_C03_29TRE808_S504_N702	0	0	0	0	7	0	0	0	0	0	0	0	0	0	0	0	0	0	0	0	0	0	0	35	0	0	0	0	0
Zotu134_P1_H04_19MMC1_S503_N703	3	0	0	0	0	0	0	0	0	0	0	0	0	0	5	0	0	0	0	0	0	0	0	0	0	0	0	0	0
Zotu137_P1_H04_19MMC1_S503_N703	0	0	0	0	0	0	0	0	0	0	0	0	0	0	5	0	0	0	0	0	0	0	0	0	0	0	0	0	0
Zotu141_P1_F08_41TDIST2_S503_N705	0	0	0	0	0	0	0	0	0	0	0	0	12	0	0	0	0	0	0	0	0	0	13	0	0	0	0	0	0
Zotu142_P1_G01_8IZTPOCR_S505_N701	0	0	0	0	0	0	0	0	0	0	0	0	0	7	0	0	0	0	0	0	0	0	0	0	0	0	0	0	0
Zotu145_P1_G01_8IZTPOCR_S505_N701	0	0	0	0	0	0	0	0	0	0	0	0	0	6	0	0	0	0	0	0	0	0	0	0	0	0	0	0	0
Zotu14_P1_A04_10MMOC3J_S507_N702	0	90	0	0	0	0	0	0	0	0	0	0	0	0	0	0	0	0	0	69	0	0	0	0	0	0	0	0	0
Zotu14_P1_C11_7IZPOC1W_S506_N706	0	0	0	0	0	0	214	0	0	0	0	0	0	0	0	11	0	3	12	0	0	0	0	0	2	0	0	0	0
Zotu150_P2_A01_16IZPOC1_S502_N707	0	0	0	0	0	0	0	0	0	0	0	0	0	0	0	11	0	0	13	0	0	0	0	0	0	0	0	0	0
Zotu154_P1_E02_21MMC3_S517_N701	0	0	0	0	0	0	0	0	0	10	0	0	0	0	0	0	0	0	0	0	0	18	0	0	0	0	0	0	0
Zotu154_P1_G01_8IZTPOCR_S505_N701	0	0	0	0	0	0	0	0	0	0	0	0	0	5	0	0	0	0	0	0	0	0	0	0	0	0	0	0	0
Zotu155_P2_E05_41TDIST2b_S502_N710	0	0	0	0	0	0	0	1	0	1	0	0	3	0	0	0	0	0	0	0	0	0	6	0	0	0	3	0	0
Zotu159_P2_A01_16IZPOC1_S502_N707	0	0	0	0	0	0	0	0	0	0	0	0	0	0	0	10	0	0	3	0	0	0	0	0	0	0	0	0	0
Zotu166_P1_E02_21MMC3_S517_N701	0	0	0	0	0	0	0	0	0	8	0	0	0	0	0	0	0	0	0	0	0	11	0	0	0	0	0	0	0
Zotu167_P1_D05_13SHC4C1_S505_N703	0	0	0	1	0	0	0	16	0	0	0	0	0	0	0	0	0	0	0	0	0	0	0	0	0	0	0	0	0
Zotu169_P2_A01_16IZPOC1_S502_N707	0	0	0	0	0	0	0	0	0	0	0	0	0	0	0	9	0	0	6	0	0	0	0	0	0	0	0	0	0
Zotu16_P1_E02_21MMC3_S517_N701	0	0	0	0	0	0	0	0	0	318	0	0	0	0	265	0	0	0	0	0	546	0	0	0	0	0	0	0	16
Zotu171_P1_E02_21MMC3_S517_N701	0	0	0	0	0	0	0	0	0	8	0	0	0	0	2389	0	0	0	0	0	17	4	0	0	0	0	0	0	201
Zotu175_P2_A01_16IZPOC1_S502_N707	0	0	0	0	0	0	1	0	0	0	0	0	0	0	0	8	0	9	0	0	0	0	0	0	0	0	0	0	0
Zotu186_P1_E02_21MMC3_S517_N701	0	0	0	0	0	0	0	0	0	6	0	0	0	0	0	0	0	0	0	0	0	1	0	0	0	0	0	0	0
Zotu194_P1_E02_21MMC3_S517_N701	0	0	0	0	0	0	0	0	0	5	0	0	0	0	0	0	0	0	0	0	9	0	0	0	0	0	0	0	0
Zotu194_P2_A01_16IZPOC1_S502_N707	0	0	0	0	0	0	0	0	0	0	0	0	0	0	0	7	0	5	0	0	0	0	0	0	0	0	0	0	0
Zotu214_P1_E02_21MMC3_S517_N701	0	0	0	0	0	0	0	0	0	4	0	0	0	0	0	0	0	0	0	0	0	1	0	0	0	0	0	0	0
Zotu21_P1_D05_13SHC4C1_S505_N703	0	0	0	0	0	0	0	277	0	0	0	0	0	0	0	0	0	0	0	0	0	0	0	0	0	0	96	0	0
Zotu221_P1_D05_13SHC4C1_S505_N703	0	0	0	0	0	0	0	7	0	0	0	0	0	0	0	0	0	0	0	0	0	0	0	0	0	0	0	0	0
Zotu224_P2_E04_21MMC3b_S502_N709	0	0	0	0	0	0	0	0	0	1	0	0	0	0	88	0	0	0	0	0	0	4	0	0	0	0	0	0	6
Zotu244_P1_D05_13SHC4C1_S505_N703	0	0	0	0	0	0	0	4	0	0	0	0	0	0	1	58	0	4	39	0	0	0	0	0	0	0	0	0	0
Zotu245_P1_D05_13SHC4C1_S505_N703	0	0	0	0	0	0	0	4	0	0	0	0	0	0	0	0	0	0	0	0	0	0	0	0	0	0	0	0	0
Zotu248_P2_A01_16IZPOC1_S502_N707	0	1	0	0	0	0	0	0	0	0	0	0	0	0	0	4	0	2	0	0	0	0	0	0	0	0	0	0	0
Zotu24_P1_D05_13SHC4C1_S505_N703	0	0	0	0	0	0	0	262	0	0	0	0	0	0	0	0	0	0	0	0	0	0	0	0	0	0	0	0	0
Zotu264_P2_A01_16IZPOC1_S502_N707	0	0	0	0	0	0	0	0	0	0	0	0	0	0	0	4	0	1	0	0	0	0	0	0	0	0	0	0	0
Zotu26_P1_C11_7IZPOC1W_S506_N706	0	0	0	0	0	0	33	0	0	0	0	0	0	0	0	0	0	0	0	0	0	0	0	0	0	0	0	0	0
Zotu26_P1_D10_4SHC5C2R_S502_N706	0	0	0	0	0	1	0	0	275	0	0	0	0	0	0	0	0	0	0	0	0	0	0	0	0	0	0	0	0
Zotu28_P1_E03_55TRE137_S505_N702	0	0	0	0	0	0	0	0	0	0	283	0	0	0	0	0	0	0	0	0	0	0	0	0	0	0	0	308	0
Zotu2_P1_C07_6IZPOC1J_S505_N704	0	0	0	1	0	1355	0	0	0	0	0	61	0	0	0	0	0	0	0	0	0	0	0	0	0	0	0	0	0
Zotu39_P1_D10_4SHC5C2R_S502_N706	0	0	0	0	0	0	0	0	121	0	0	0	0	0	0	0	0	0	0	0	0	0	0	0	0	0	0	0	0
Zotu40_P1_D10_4SHC5C2R_S502_N706	0	0	0	0	0	0	0	0	105	0	0	0	0	0	0	0	0	0	0	0	0	0	0	0	0	0	0	0	0
Zotu43_P1_C03_29TRE808_S504_N702	0	0	0	0	65	0	0	0	0	0	0	0	0	0	0	0	0	0	0	0	0	0	0	127	0	0	0	0	0
Zotu43_P1_H04_19MMC1_S503_N703	0	0	0	0	0	0	0	0	0	0	0	0	0	0	172	0	0	0	0	0	0	0	0	0	0	0	0	0	10
Zotu46_P1_E02_21MMC3_S517_N701	0	0	0	0	0	0	0	0	0	92	0	0	0	0	0	0	0	0	0	0	132	20	0	0	0	0	0	0	0
Zotu47_P1_C11_7IZPOC1W_S506_N706	0	0	0	0	0	0	8	0	0	0	0	0	0	0	0	418	0	68	229	0	0	0	0	0	0	0	0	0	0
Zotu50_P1_C03_29TRE808_S504_N702	0	0	0	0	48	0	0	0	0	0	0	0	0	0	0	0	0	0	0	0	0	0	0	0	0	29	0	0	0
Zotu50_P1_C07_6IZPOC1J_S505_N704	0	0	0	0	0	4	0	0	0	0	0	1	0	0	0	0	0	0	0	0	0	0	0	0	0	0	0	0	0
Zotu65_P2_D04_21MMC3a_S517_N708	0	0	0	0	0	0	0	0	0	2	0	0	0	0	0	0	0	0	0	0	7	0	0	0	0	0	0	0	0
Zotu70_P2_D04_21MMC3a_S517_N708	0	0	0	0	0	0	0	0	0	0	0	0	0	0	0	1	0	0	2	0	5	0	0	0	0	0	0	0	0
Zotu71_P1_C03_29TRE808_S504_N702	0	0	1	0	24	0	0	87	0	0	0	0	0	0	0	0	0	0	0	0	0	0	0	71	0	0	0	0	0
Zotu74_P1_E02_21MMC3_S517_N701	0	0	0	0	0	0	0	0	0	38	0	0	0	0	2067	0	0	0	0	0	23	28	0	0	0	0	0	0	244
Zotu75_P1_A01_32TCONS2_S502_N701	64	0	0	0	0	0	0	0	0	0	0	0	0	0	0	0	0	0	0	0	0	0	0	0	0	0	0	0	0
Zotu76_P1_C03_29TRE808_S504_N702	0	0	0	0	22	0	0	0	0	0	0	0	0	0	7	0	0	0	0	0	0	0	0	26	0	0	0	0	3
Zotu76_P2_F04_29TRE808a_S503_N709	0	0	0	0	2	0	0	0	0	0	0	0	0	0	0	0	0	0	0	0	0	0	0	11	0	0	0	0	0
Zotu80_P2_G03_2SHCN5C2J_S506_N708	0	0	0	0	0	0	0	0	0	0	0	0	0	0	0	0	0	0	0	0	0	0	0	0	17	0	0	0	0
Zotu84_P1_C03_29TRE808_S504_N702	0	0	0	0	18	0	0	7	0	0	0	0	2	0	0	0	0	0	0	0	0	0	3	0	0	23	0	0	0
Zotu89_P1_E02_21MMC3_S517_N701	0	0	0	0	0	0	0	0	0	30	0	0	0	0	0	0	47	0	0	0	48	0	0	0	0	0	0	0	0
Zotu8_P1_C07_6IZPOC1J_S505_N704	0	0	0	0	0	91	0	0	0	0	0	5	0	26	0	0	0	0	0	0	0	0	0	0	0	0	0	0	0
Zotu8_P2_A01_16IZPOC1_S502_N707	0	0	0	0	0	1	0	0	0	0	0	0	0	0	0	827	0	100	453	0	0	0	0	0	0	0	0	0	0
Zotu91_P1_E02_21MMC3_S517_N701	0	0	0	0	0	0	0	0	0	30	0	0	0	0	0	0	0	0	0	0	48	0	0	0	0	0	0	0	0
Zotu96_P1_C03_29TRE808_S504_N702	0	0	0	0	14	0	0	0	0	0	0	0	0	0	0	0	0	0	0	0	0	0	0	36	0	0	0	0	0
Zotu97_P1_F08_41TDIST2_S503_N705	0	0	0	0	0	0	0	0	0	0	0	0	30	0	0	0	0	0	0	0	0	0	33	0	0	0	0	0	0
Zotu99_P1_H04_19MMC1_S503_N703	0	0	0	0	0	0	0	0	0	0	0	0	0	0	10	0	0	0	0	0	0	0	0	0	0	0	0	0	0
Zotu9_P1_C07_6IZPOC1J_S505_N704	0	0	0	0	0	86	0	0	0	0	0	6	0	0	0	0	0	0	0	0	0	0	0	0	0	0	0	0	0
